0111111111, 111 3 p. d. 8111113 Nono 331. 333.
01311611, oppid 317.

0113111311 (0133111111) 111.

01111311 (0111611) 111111

0133111 (01331163) 111 o. p. 0. Κῇο 133.

- ,111 3 p. d 1113131011 131.

011013113111311 (1) 111 333.

01111131 (0131111) 111

0111311131313, 013133111333 (01313113131) 111. 3.
p 0. 13111301. 310.

01111301, 01311101(0131301) oppid. 73. 330333.

800.
011131113111γ(01311111111111) oppid 344. 343. 334.
01111313, 1111131). 11113111313311111.137-130.

- ‚ vil. 1. p. 0. 001111111113313. 317.
01111131,111.(3113311. 3. p.) propoBruootok opp.

303.

0131313101, 111. lu 3. p. 30 1131111311 fluv. pro·
113 Tyuiee 08. 148. 181. 188. 189.
loo. 217.

- ,111 1 p 0. 1111113113 337.
01313113, 111 1. p d. 111311 340. 333.
01111131113 (0331111111) opp. 111 dioec. Plooeuoi

177. 178. 418.

0111311111,111. 1 p. d 11111313311131333311.

3. p. prope Iubliu) 311. ooo-ooo.
01311110311 (0111111133) 111.

011111 1131331 (013113 1133131) oppium 03 1113

pm 13.

01111111 Mu) 111131 31111. mdiu 430.

0131111 Ρ311111030131111,311111.11131111311 140.

0111111311313 (81313161) viu

0131131331113 371.

0111111110311111311 civis 033301. 117.

011113311111,111111011111 130-133. 133. 137.
- sun, 111 1 p. 0. 111101011311111113
lul-12³.

0111133331113, 111 1 po 0111331113 111. 117.

0111113, (013113) 111114. 3.

01131111 (013011) viu

011111111131111 Petrus, oppiduuuo 03 11111111 333.
805.

0111111311 (0111313611) 111.

01111311 (0313111311) 111

01113131 (03131111) 111.

01113111 (01313111610111. 1. 3. p. 33.

0111111111 (03313113) 111.

0111111131 (01311133) vil.

do 011131131133111111 333.

0111111311 (0131313101) 111.

0111111131111 (0131111111) opp.

01111131 oliuo 0113 (8131111113) 111.

01111111, 03111111, curziny (01111111)711.

01111311(013133) 111.

011111311 (0113133) 111

03 01113111 Joh. 3311101131 01331. 437.

0111111111 (0131113) 111
01111311 (0111611) 111.
013ἑι1111113111, 311338113111311111313(813111311133)

0131111311 (1) 111. 317.
0131111113 (0111111111) 111. 3133111. 1. p. 0. 113-
01071107311ἶ5ἷο1011111133 1 prope 8113131111) 111.
1 .
011Ξ11731111311 (0113311133) 111 op 0. 8113
013172170,8οἰ1111113(0111133)111 h. 3. p. prope
0113111313 43. oo. 311. 437.

01111111, 033111103113 (0111011) 111 3. p. ony-
71113 lou-luo.

0131111111, 0111111111Ρο13 (01116331) 111. 3. p.
d Bybuu 137-133.

0131113311, 31111131 03 3131. 11113111 314.

0131111311 (8313111133) 111.

0111311111, suburbium 03 11311111 307. 430.

01133131(033011)111.

0111311111 (0131011133) 111.

01111113 1111131(0331113Μ113) 111.

01131111 (0131113)11111. '

011113331111 (0131313111) 111.

011311111 (0131611) 111.

0113111 (011113)11111 4. 3. ·

01131133 813111111111103110381130011 113.

0111311311(01331131111)111 ’

0111111111Ἶ 1131. 313.

011111101 (0131101) oppidum.

0111113311113 (01311111) Martio. 03 uun Kum-
1111 108.

0111111311 (03131611) 111.

0111311331111 (033ιί311111) oppium

czyooduozowiozo (1) 111. 330.

01111111 (0131113) 111.

0111111131 (0131113103) oppid.

011111111111 (0331111131) oppid.

czyookowlozo, 011311111πὶ33 (0113111133)111111.
31111.

0111111311 (01111101) 111.

0111311131111 (0133131111) oppi.

311311 (3131311131. ue 1311111, oe arm 31-

131130.

-· (011131) 8133111. 311133Ρ113311 177.
- - - 0301111111, 0311111011·
131, 11313111. 1311111131. 177.

01113131331 (0131111161) viu

0111313 (0113131111) 111.
- (013111) 111.

011111131311 (0131311161) 111.

0111111131 (01313133) 111.

01113111 (01311111) 111.

0111111311 (0331113161) 111.

01111133113 (0131310111) oppid.

 

