ml

10008110 (11001110) oppid. 01 111

1011010110 (100110) 0001111110.

1000110111 (11011001) oppidum.

10111011 (1080111111 ·
1011011111 (10111110) 111

101101 8. ΑΔο1110111 (my wielkie) 111

L⁸19 (101) vit
1011110111ιο, 00110111 01000. 118.
1011110 (10110) 111
100100001οι0 (0018801100) 111
1011110110 1800111 01 1111111111 (11011818) 111.
1011111111 (Regum) vil.
1011110 (110111) 111.
1010111110ογ010 (1) 111. 0. 0. (1. 1010110100, 01000
0001. 00110118 811.
10111111οη011181111111011010, 1181111οη0118 (101
11011100) 111. “
1011111οι110 (10010) 111
1010001010 (1101101100) 111
1000110114 (1801111611) 111
1001181010 (18001000) 111.
100Ιο 8. 1010011061811) oppi.
100110 Urbanus 18.
100011080, 1180811010 (1111001100) 111.
100010 (11111100) 111.
100111, 1108011, 111 9. p. d. 10810 808.
10011614, 111 8. 0. d. 1011110101 871. 818.
1001101010, 111. 0. 0. d. Zator 08.
10000100, 111. 0. 0. 11 (1010 S. 10110 818.
1000010 (1101100) 111.
1000010, 1111100,110111118 1. 88.
100000100,110810111100 (11088010, 11110181011111)
mons ad (1100011811 48. 40. 10.
1001110111οη (1118110118) 111. “
10100001, 01101110 48.
1001001180, canon (110001. 158.
- , 0011108, merarius 180.
- , 00180. 1111100000. 88.
- , - 1101101111οη. 88. 880.
- , magister, praeposit. 11100001 de 1110·
1111010 104.
1111101011 (11000101) 111
¹³11 (1011) 111
uzyny 118081) vil·
ι01800 (008811) vit
10011610, 111 0 0. d. 1100011 880.
10010011111101110, 01111 119. 801. 810. 841.
927. 470. 470.
101011,0001(111111817. 881, 880. 407.
ww· (101118) m
1000101000, 111 0. 0. (1 01110101 84.
1000111011 1100111 (1) 111 888.

ωο3130010800οωω1ἰωμί1 8 p. 6. Konia-
ty 880.

unm (1111011, 1001100111) 111 101111 1

118081880101180111110 11. e. p.) 01000 1111101111
zebrzydowska 199. 1118101111.
1011011111 (1101111111) 111
1000101000, balneator 810.
- de Ρο111010, 1110018101 generat ord. 0100
die. 488.
- ,118101 0100111111, nobilis 1. 88.
1001111011, 1101101100, 1108011110110800, 1108101011-
ko, 11081110, 1100110, 1001111110 (1081010101
100100, 111. 0. 0. 11 08111011 811.
1001011 8111), (Albus) dux et monarcha regni
Polo. ⁸8. 100. 101149. 1511011150.
377. 404. 406. 410. 468.
- 010111) 1111101), dux 011110110110011
Polo. οο. 880. 880. 841880. 800. 811. 810.
4117. 456.
100111010,11080110010(1) 111. 101. 108.
1011001111 (11011011) 0111111845. 848. 818.
1001111), 111 11 0. p. prope 0011111 1116110811
961. 264. 266. 990. 998.
de 10011014 Joh. 110 arm. ,101118 888.
1001110 (110010) vil. s. p. (1.Κ1011110140 (1111108
p. 0. 81010) 111114. 100. 108.
10011110 (110018) 111. s. p. d. 8110111018 8.
1100111011 (11081161) 111
1111011611, 111 8. 0. d. Gaj 180. 188. 191.
11111010, vil. 8. 0. d. 1110110010 100. 108.
1111011001111. 0. 0. d. 6001 110110 88.
11011111οΙ11 10111111. castell. 8010111011 808.
111110ογ (1101111110) 111.
110011οι0 (Lippa) 0011011 001111111Ι1011010100. 100
192. 141.
1111010 (101100013οα0 1101110) 111
1111111, vil. 0. p. d. Τ10108 ad zavichost 811.
818.
11010,111. 8. p. 11. (1010 S. 111118 818.
1101011100, 111 0. p. 11. 11111101) 404. 418.
110110 Petrus 110 01000111, ubba 81011081 de
11100111 480. 481.
110100, 111. 8. 0. (1. 1110001101 148.
11011100, oppidum 881. 800.
- 1101110, 111 8. p. d. Bnysh 8011800
11011111, vil. s. p. d. 1111111010 1⁴2
1100Ιά110 memiensis, provincialis 01111. medit-
499.
1100000 Polo, vil. 0. p. d. wqdmk (110110 111·
d. 8111118111) 411.
1100111100, 111 0100011. 0 p (1. Β81100 11. 880
290. 997. 298.
1111110, 1111081018 1111181180 vit
110, ama 19. 99. 881. 881.
110010, 111 h. 0. p. 01000 000. 11011101100410.
411.

 

