n

61661666166166) oppid.

81666116 (816666) 611.

8166166611, 81666666166, 8166666616,161166 gomi·
1166661 6666661 pro insigni 16161666 66-66,
88.

8166666666, 816666666(81611666616) 611.

81666666 16 Τ66661616 16 6116866666 676. 676.

8166616666 (8166611666) 611

816116 iohannes 167.

816116, 81616666, 6166116666 46.

816166661666, 816666666666, 81616666666 (816
1616666166) 611. 6. p. d. 1116116616 46. 46.
292. 488.

8166111, 611. s p. d. 1166166166 466.

81111116ιί116, 8166116661, 8166116666, locus 61 811116
spa 666. oso.

81166 (8111616) 611.

- Antiqui· (816616 81616) 611.
- , Slup Novo (816616 Novo) oppid.

816666· (stupas) vil-

16 81116666 iohannes 16616, 16 orm. 11666 646.
- 116666, 16 61111 116666 616. 666.

8166666616 16166 16 orm. 11666 666.

81116616 Petrus 16 orm. Dndydo 676.

81666661 (816666) 611.

81116116 161166. do 61116 16661116 166.

81116661 (8166616) 611.

16 8166661661166 116 6116. Rodiis 66.

8161666661, 611. 16 6. 6. ciros Dzisioszyoo 66-67.
88, 83. 118. 818. 375. -

8166166661, 611. 6. p. d. 0161166661. 666.

81616166, 611 11 6. 6. prope 11166166 66. 66.

8166111666, 611 6. 6. 1 8161166 646.

8166611666, 666166. 66. 67. 617. 476.

8766666, 611. 6. p. d (16161166 61666 11611616
18-’14Ι 86. 884.

81661666, 611 6. 6. 1 3611661166 166. 667. 666.

81116666, 611 6. 6. 1. dorp wysokis 611, 617.

8111616 down, oppid 666-666. 666-646. 646.

888.

- 81666, 611. 6. p. d. 816616 Non 666.
661. 666. 646.

8111616 611 6. p. d. (1666 8. 66116 676.

81111661, 611. 6. p. d. Gnojno (11666 6. 61611-Ι
111116) so. 66. os.

8666666666, 611 6. 6. 1 8161116116 66666 8166-
6161 sos. 664.

8616666611», 611 6. 6. 1 8661161666 6. 66. 66,

8616666666, 611. 6 p. d 1116111166. 166. 166.

8166666666, 611 6. 6. 1 0166666 666.

8111616666 (86161166) 611. 6. 6. 1. Ρ616666166616-
66 mor 666. 666.

8666166166, 611 6. 6. 1. 176661666166 666.

81666616 (1) 611 666.

86166166, 8166611661, 611. 6. p. d. (166616 16-61.
461. 466.

86666666666 (8666166166) 611.

8666666661166 (861166116πί66) 611

86666666666 (8616111661) 611.

81661166 (81661161) 611. 6. 6. 6611666616 466.

86161116 (1) 611. 617.

861666166166, 611. 6. p. d. 1111161661 61. 466.

8611166611, 611. 6. 6. 1. 11111666 166. 666. 661.

86866661 (86116166) 611. 6. 6. 1. ,16616 666.

16 8611116661 8666111666, 6111666616.Τή16111111.
138.

8611111661, 611. 6. p. d. 11661166 (11666661
dissisjowios) 166. ,

8116111116 (86116116, 8611111116) 611. h. 6. 6. 16166
066166 et zowiohost 611. 616-116. 416.

86666666616 (8611166611) 611.

86166, 611. 6. 6. 1 1111616 6.

86166 venceslaus 16 (11666666, magister 666.

861666 (Solos) vil.

8611611116 166 Aegypti 466.

86166, oppid. 641. 646. 666. 617.

861666, 8616666, (Soleo) oppid.

8616166, 611. 6. 6. d. Dobrzsohdw (661166. 6. d.
Wislopols) 666.

8646166666, 611 6. 6. 1116616666166 666. 676.
376. 387. 388. 385.

8666661166, 611 6. 6. 1136111616 67. 166.

8666661116, 611 6. 6. 1 8616166616 646.

86666111 (861111, 8661116) 611

86666666666 (8666666166) 611

81161166, 611 6. 6. 1. 81666616166 667.

8616666666 1111161666, 166661. dost 666611. Gr*
661166. 166.

8616116, 66666661661116 suanm. 166.

8611611 16 1161611116, 16 61116 1161166 76.
- -· , 16 6161 1161166, 66111116
cracov. 611. 411. 414. 411.

861111661 (86611616) 611.

8611111111 16 866616 661.

861161661666 (8661166166) 611.

8611116 16 1161611116, 6616116 81666. 616. 476.
474. 478.

8618661666 (8661166166) 611.

8666666 (1) lodis 66

8666166, 611. 6. 6. d. 86666166166466. 466.

8666666116 1611611666, 1166111661 ,1166611611 146.
166-166.

8666661666 1166611116, judex 1116666. 166.

8661611 1161686616 666.

86711661 (Sosim) vil.

8661166166,611 16 6. 6. 66666 Zotor 166. 466.

8661166116 (8166116) 611. 6. p. 11116166 167.

86616, oppa 166. 466.

8661161616, 8161616166 (8616161116) 611

8666116616, swain (1166111) vil.

8666616666, 611116 66. 116. 116. 166. 166166
847. 881). 884. 461.

 

