mv

Lypowo ΡοΙγο (110010 Ρο10) 111.
1011101011010, 1011111010 (1011111011) 111
1011101(οψ (1010111110) 111.

10111110 (1111111) 111.

10111011 (110011) 111

1011110110 (1101111011) 111.

traho (biszki) vss·

Lyozow (111011) 111.

1001010100· 1111111010 (1101111003) 111.

2..

1111011, orma 401.

1101001111, 111. 0. p. (1 Βο1110 10. 34. 30.
- ,111.1.0.1.Ρο100110110110011101
33. 35. 49. 143. 134.

1101111, 111. 1. 0. 1 31011011(οη00 1. 0. 1. Gro
11100) 00. 11.

1101111, oppidum 131.

1111001111 1. 0. 1. 11010110 (nunc 1. 0. 1. Lu·
bionko) ooo. 301.

10110111, oppidum 50.

1110101011, 111 1. e. p. 01111. 1110011, propo

100101 131. 101.
tany 1411011111, 111 110. 0. 1100012111011100

unffi, vil. 110. 0. (nuno oppidum) propo 01111
1000917081, 111. 1. 0. 0. propo 3001011 1131130.
1101110119ἓῖ 1 p. (1 1111010100 11101110 110.
1111001, 111. 1. p. 1. Ρο10010101 331.
11110110,111 1. 0.1, 11011101( 410.
“- , vil. 10. 1. 1110101110 141.
my, 111 s. p. 1. 3110111101 prope 0003001110
1011ῗῖ11110. p. prope 0001.Κ1010100110
343-330. 330. 333.
1111100111. p. 1 3001101100 11 Zotor 133.
- ,111 1. 0. 1. 1110111101 410.
100100, 111. 0. p. 1101110001( 301. 304. 111.

1001100100, 1011011100, 111 1. 0. 1. 010101 11
fluv. 111111 10. 130. 300.

100100, oppidum 101. 133.110-113.
- ,111. s. p. (1 oppi. 100101 101. 111.
1001111. 1. 0. 31100111 10 cnemis 311. 331.
303. 413. 413.
100011, 111. 1. p. 1. 11110 111.
10111, 111 1. p. (1 061011101101110143.
- · ,111. 1. p. 1. 11111011 131.
10110111, vil. 1. p. 1 1101010100 411. 411.
10111111 1 p. 1. 1110111110 (0100101110-
laoy) 331. 311.

1011011100, vil. 1. 0. p. propo 3101011111 0. 13.
110. 133. 100.

101010, vil. h. 0. p. 01000 01101111 10111110·
111301.
10101110, 111. 1. p. (1 1110110110 110.
101111, arma 30.
1010111100, 111 1. p. 1. 01110011 330.
homno, 111. 1. 0. 1. 8110101111 140.
10116111, vil h. 0. 0. intra 011011 01 1100110111οι ’
315. 320. 379.
10101101, fluv. 310. 301.
10111101, oppidum 433.
10110, 111. 1. p. 1 1111100110 330. 333.
1111111100,111. 3. p. 1. 30110111 117.
10011, oppidum 31. (
11111110, 111 h. 0. p. prope 8001010111313110. ’
1111011100, 111. 0. p. 1. 1100110111οα 305. 311. 5
101011, hymba. 111 1. p. 1. 30110113 111.
10110111, moos 0111101111 3. Crucis 111.
229—258. 413. 420.
1011116111, 111 1 p. 1. 1011101011 301. 331. 334.
, 371. 373.
1010111011, 111. 3. 0. 1. Β113110 10.
1011100100, 111. 1. p. d. 0100111100 (nono 1. p.
d. Koniuoza) 333.

Μ.

1110100011111 (1110101111) 111 1. 0. 1 1100111
...11ἰί1. 1. ³
Mnezoiowiozo, 1110100011013 (111010101103) 111

1. p. 1. 11001011 (nuno 00011 11 e. 0.) 113.
Μ11117200111010 (1) 111. 113.
1110100000 (1) 111. 113.

maezoyownky (Maciojowsld) 13 11111. 010101( 113.

1

252. 25³.

1000101101 (1) 111. 1. p. 1. 3010110111( 101.
mamonis, 110001 in 111. Ρο100101110341.
Magnum 801 (1110110110) oppidum.
1111101100, 111. 1. 0. 1. 3101111100 71101110 114.
1111100ιί010, 1111110οι0000 (11110100, Modo)

viL 0. 0. (1 1100101100 111. 134.

11111611, oppid. 10 11110111 113.

- , vil. 1. 0. 1. 3111001011 11.
1111001110 1011 10 orno 111111 114.
11111οη1010 (1111011000) 111
1101100, 111 1. 0. (1 0111101104.

11111011, 1111101γο (1111100) vil. 11 0. p. 01000

0011611316. 331. 383. 337. 300. 401.
1111111011,Μο11111010, 1111110010 (1010110011
Μ1111110010(1)111 1 0. 1. 1110011100 314.
1101010111, 1111110110, 11110110 (1111101111.
1110110111 (1111001011) vil.

11110010 (1101103) vil.
Molyomw (1111011111) 111 “

 

