xvm

1141111111, 7111111111 (lutam) 111 1. 1. d. 111·
1111111 111-111.111.
suumn· (1111111) 111141. 171. 171.

111., mr nodvigis 1111 Procopii 11

nim} 144. ’
1111111111 (11111 111.
1111111111 Petrus 111.
surm, 111111. 1 11111,Τ11111 117.

1111111111, 1111111 11 111 0111111111 114.
1111114111 (1111111) 111. 1. 11 Ρ111411111 411.
421. 424. 426.
1111111111,11111111 111 1111111147.
111111111111 (7) 111410. ·
Rauen, vil, 1. 1. 1 1111111111 141. 111.
11111141, 111 1. 1. 1 11111111 114. 111. 141.
1111111, 111 1 1. 1 mechom 11. 11 14. 11.
11111111111111111111 15. 14. 111.
11111111 11 Prummu, 11 am 111111 117.
11111111 (1111111) 111. 1. 1. d. 1111111111 171.
1111111111 1111 rector eeclesiae 11 11111111 171.
11111111, 111. 1. 1. 41 0111111111 141. 114.
- , 111. 1. 1. 1 0111111111 111.
- ,111 11 1.Ρ111111111 141.
- ‚vil 11. 1141111111 411. 411.
1111114111111, 111. 1 1. 1 1111111111 11. 71117.
- ,111111Μίοώόπ11
1111111111, vil 11 e⁴ 1. prope Lqeko 147.
- ,111. 11 cnjus fundo oppidum swa
111111 1111111 111. 417.
- ,111. 1. 1. 1111111111. 114.
·- , fluv. 111. 417.
11111111111111, 11 ann. Pilawa, 1111101111 8111-
111111 177.
11111111 (1111111) 111.
11111111111111. 11 Paulus 11 1111 nogotia 111.
1111111111, 111. 1 1. 1 0111111111 111.
11111111111111. 111. 111. 411. 411. 414.
11111111 (1111111111 111.
11111111111111 (7) 111 111. 111.
11111111111111(11111111111111) 111.
1111111111, 1111111111 (1111111111) 111 11 fluv.

. 11111111 (1) 111 1 1. d. Dobozyoe 411.

, - 1111111111 111.

1111114111, 1111111111 (1111111111) fluv.

1111111111 (1111111111) 111

1111111117 (111111) 111

11111111 (111111) 11111

1111111111111,111. 1 1. 1 111111111411411

1111111111111 (1111111111) 111 11. 1. 1111111111
022.

11111114 (1) vil 1 1. 1 namon 117.

1111111114, 11411111111111 (1111111111)
vil 11. 1711111111141. 111.

11 Κ111111111111 11111111 11111111 11 m.
1111 111.
- Martinus, prior convent 81 Brigim
11 111111 111.

1111111111 (11111111) 111. 1 1. 1 01111111 41. 111.
218. 210. 427. ἱ

Ram (1) 111. 1. 11.

11111111, 111 1. 1. d. Ρο1111111111 111.

Rumam, vil. 1. 1. 1. Ρ11111111111, prope Tu·
11111 111. 111.

umam, 111. 1. 1. 1. 1111111 111.

namin· (1111111) 111. 11 1. 111111 Mum
438 445.

11114111 (1111111) 111. ¹

Kammky 111111 11 arm. 111111 174.

1111111, 111 1. 1. 1111111 les—1⁸⁸.

11101111 (1111111) 111.

11111111 (1111111) 111 1 1. d. Β1111111 111.

1111411111111, 1111111111 11) 111. 1 1. 1 Pne-
11111111.

1111111411 (1111111, 111111) 111 1 1. 1. 0111161
276.

1111111111, 111 1 1. 1. 1111111111 411.

11ιί1111111, 1111111111, nobiles 11 arm. nm
247. m. 211.

111ιὶ111111 Primus (Kadmim 1111111) mx Polo.

111. 111. 114.

- dux 8111111111 (1111111111 81111111- l
111111) dux 11111111 regni Pol. 1. 11. ’
27. 28. 19. 260. 361. 1175471455.

·- Secundus (1111111111 wielki) 11. 1ο. 11.

471. 471.

1111111111 (1111111111) civitas 110111111111 11. 11.
29. 32. 117. 111111141. 146. 114. 173.194.
421. 470. 472.

1141111111, 111111111111, prope 21111111 11. 71.
72. 241. 246. 247. 210.

1111111 (1111111) oppidum.

1111111141, 1111111111 11.

1111111141111 (11111111πί111) 111.

1111111 111111. 1111111 8111111111 11.

114111, 11111, oppidum 111. 111 111.

1111111111 (mmor) vil.

11114111, 111. 1 1. 1 11111111 111.

Κ1111111, 111. 1. 1. 111111 141. 141.

xlm, 111. h. 1. 1. 11111 1111. 11111111 117.

1111411111, 111. 1. 1 101111111111 111.

1111111111111,111. 11. d. Τ111111 114.

1111111, oppidum 117.

1111111114114, 111 11 1. 1. 11111 1111 11111111
384-330. 397. 398.

1111111111, 111. 1 1. d. 01111111 ul 11141111 111,
13.

11111, 111 11 1 1. prope 11111111 17. 11. 11 14.
137. 1119. 321.

1111111, 11111111 11.

 

