81991199( 1191γ,911. 9 p. 1119919911919 999.
9199199999, oppid. 999. 999-999. 999. 999. 999.

971-178. 180.

8191199, 911. h. o. p. propo 8999 119999 949.

- ,91199101191199111991191199

- ,911. 9 p. (1119199 199. 199. 199.

187.

8191119199, 911. 1. 9. p. 91199 opp. 0199199199 991.
- ,91111 9 p. propo Β1999191 oppi
908.

- ,vii2p.dKoniuozo⁴2.

- ,911. 9. p. 1111991199 4. 9. 19.
11-88. 85.

- ,911. 9. p. 1119119 999. 999,

- ,911. s. p. d 1991119 199. 999.
8191119999999, 911 9. p. (1.189119919994.
8191119999199, 911 9. p. d. wiemyehovioe 999.

979.

8191169919, 911. 11 9 p. (1199 opp. 11999191 999.
819199, 911 9. p. 1. 1191199191) 999. ’
819191991699, 911 11 9. p. 91199 Tadio„ 919.
81919199, oppid. 119.

81991919199, vil. 91). 1819979919 917.
81999999, 911 h. 9. p propo Myilonioe 144.
8191919, oppid 499.

8199919199, 911 9 p. d Koidoloo 949. 999. 997.
8199999, vil. 991. 1119119919 199.
8199991999199, vil. 9. p. d. 11199919 81919 914.
81991999199, 911. 9 p. d. 1199119 9ο. 94. 97.
91991999, 911. 9 p. (1911919119 919. 991. 999.
sumum, oppid. oum 999119 79. 74. 999. 999.

800.

819199999199,11199 regio 0914119111 1999199119
114.

- , 99191191, consui 0119999199. 41.
8111999999, 911 9. p. d. Wotnyohowioo 999. 979.
Simon, 19191191 ordio 919911991499.

- ,119191 provincialis 91119 9199119191

481.

811919 91199 Iopis 8. 1191199 (81919) oppid. 999.

999. 991. 999. 999. 999. 499.

81991119 (819119) 11999119, 1119999191. in 9999 91
0199991991 llo-120. 999.

- plebanus in 11999119 114. 117.
9199199191, 8919191999, oppid. 99. 99. 79. 99. 99.

881.

8199199199 (8191999091) opp.

8191999999 (81119999) 911.

summano 1111119119 (81999919Κ9191999)911.

8199999999 opp. 9. 19. 19. 14. 99. 999. 419, 417.

“ 8199999999 (8191199019) oppid.

81999999, 911 9. p. d. 1119119109 (9999 h, 9 p.)
152. 118

81919999919 0999911919 (8191999119 1191919199)
911 9 p. d 11991991 (1999 1. 9. p) 499.
499. 414. 419.

hio. Bon. Indn'l'on m.

XXXIX

819919γ9119119191999,911.9.9.1.819199919119· ¹
1191994119.
8199991199.49ο.
8119999999 (819999) 911. 9. p. d. 1111911919 97.
99999199, oppid 71. 119. 194. 199. 199-199.
911919.
- fluv. 07. 221.

19 8119991919 11911199, obbas 9191991. Tyniooon.
221. 999. 999.

8119991919,11119. 194.

819919919191199 199191. 11911999 199.

8191119911 9. p. 1. 09919 994.

8191994919199191. Β911999 994.

8191919191) Petrus (19 9191. Bogorio. 999.

19 8191119111, (19 8191119119 9911199 999. 999.

8191199119 (81919111) 911. 9. p. d. hnioo 191.
- (1) 911. 979.
- 119999 (81919111) vii 9. p. d. 8999999· ’

191 97.

8191119919) 1419)9ι·(8191911(1) 911 h. 9 p. propo
9991199199999199979. 997. 994. 999.

8119191111 81919, 911. 9. p. d 19991194.

8199199999, vii 9. p. 11999999 (9999 9. p. 1.
11199199119999. 71. 79. 949.

8199919911, 8199719999 (8199199999) 911.

8199999999 (8199191119) 911. 9. p. (1 Pindon
819. 888. 880.

8199999919 19 9199 Rom 994.

8199999999 91199 8991991999999, 8199999919
(8199199999) vil.

8111999999(81199199) 9119. p. 1191199119
888. 870. 875.

8199199119(811·911119)9119.ρ.1.Ρ9199191919949.

8119999119 1911911 19 om (1919191919 999.

8119199999 91199 Ρ99991999 (Ρ99191999) 911.

19 8119919 99111199 494.

81991991999 alios 1999911999 (Ρ991919919) 911.

8111919919 Peiros, 191199 99.

8199999999 (81199109) 911. ’

81199γ11199 Molo? (8119911170911

8119199199, 911. 1. 9. p. 19119 1191199999 91 Tym-
118111 275. 226.

8199911999 119191· (8111911919) 911. 9. p. d.

119199 199. 199.

- Μ1991(811199119991)911. 9. p. (1
119109 199.

19 Sko-tyn Petrus, 991999 147. 199. 199.

8119999199 8199191. 9991199. 19 Κ199919 49.

8119999199 91199 8991911999 (1199191999) 911.

81999999991999 (811919999199) 911. 9 p. 1. Bir-
1099 911.

8199999199( (8191199919) 911.

81999919 (819919) 911.

81991919199199191 1199991919 191.

8199999111, 8199999199 (81999999) 911.

8191111999 (81997199) 911.

 

