0144414444111. 4 p. 1141411441. 471.
01441441 (0141444) 411. 1 4. p. 1411484144 4114-
444144 441. 444. 444. 444.
0144444414 14444411411411444. 444. 444. 444.
151. 111.
0144141 (0141410444144114) 411. 14. p. 44.
' - 1111114414 (01414111414114)111. 4. p. 1
14414 44. 47.
0114114444 (0141444) 4111. 4. p. 1114141444114·
4411144 444. 444. 444. 444.
0141141444 (01411114) 411 4. p. 1 11441111 414. 414.
01411414 (114111) 111
01141144 (1) 411, 14.
- Inferior (1) 411. 4. p. 1 0141144 Supe·
riori 4.
- Superior (1) oppi. 14 4 p. 41 fluv. Pro
444 in 11444 04441144. 4. 4.
0144411414 (01411111) 111. io 4. p. (44144 4. p. 1 Gro-
mnik 198.
0144114444, 411. 4. p. 1. 8411114414 44. “
14 0114444444 (0141114111) eutonium 117.
0144441441444 (ehi-moine) 411
01444414414 (0144416414) 411
0144411414 (0144114111) 411.
0141411444, 4441414444 (1) 44.
0144144441, 0144144414 (0141444144) vii.
0144144444114, 441444. 411111411141414 141.
0144414144, 411 4. p. 1 1141414414 447.
01444444441(014411614414) 411 4. p. 1114114441 144.
01144444 (014444444)1ί1 4. p. d. Βη4414 144.
01444414414 (01441144) 411 4 p. 1 1414141411·
ce 94.
0144414ιὸ44, 411 4 p. 1 1441414144 147.
01444444 (01444114) 111. 4. p. 1. 1144411144 144.
01414441444411414 orm. smogonio 111. 417.
0144441444 (14441111) 111
0141414444114 14 4444 Topor 414.
0144141414444444 (14444144444444) 111.
01144441144441, 0144444144θὼ (1441141441) 411
4 p. 1. 04141411 (0444141114, nuno 4. p. 1.
14144414) 44. 144.
014411144444144, 111 4 p. 1. 0441414144 114.
0144414114, vii. 4. p. 1 1114416417. 11. 14. 14.
01441144, 411 4 p. 1 1141444111 147.
0114444,1114.4.1. 1141444414 474.
0144441444144, 411 4 p. 1 (1414444144 44.
0144441144144, 411 4 p. 1. 14411114 144.
0144444144, 411. 4. p. 18144114414144 444.
0144141411, 1114. p. 1. 1414441111 144.
01411114, 411 14 4. p. prope 041414 4111114441 117.
0144141444, oppidum 144.
014414, 411. 4 p. 1. 11444144 414.

0144414111. 1. 4. p. prope derzejow 444.

01441144, 01441144 111. 4. p. 1 81141111 114.

014444, 44414174174. 144. 444. 444. 441.
ooo-454. 474.

no AEon. 111144 ‘ion 111.

vn

cipporum (11444141) 44414 444.
0144444, 411. 4. p. 1144444144144445. 471. 474.
1811. 111. ³95.
0141111444014111441114. p. 1. 81441144 114.
01444 Τ444144 (1144114) 411.
01444 1141114 (01444444) monaster. in (141114 444.
01441414 (1114414) 411.
0141414414 do 4414. 1441 441-444.
- (1411141444)444144,4441411 0444441411.
144. 444.
- 14 orm. (1441, palatin. 04444. 144.
- Sextus, papo 174.
01441411441414 (1144444144) 411.
01444441 (Κ144444) opp.
componimur, Glimyunthow (Kiimuntow) 411
01141444114141414, (114444144144) 111.
0114444444, 0144441144, (1114444414) 411
0141441114, 0141441414 (1114144144) oppi.
014144441414, Clobukowyozo (Κ141411444144)111.
01444414, 1114444144 (1) oppid. in 414114 Ρ41414144
41 3414411144 141.
01414444 (11141444) 411.
0141144444 11444444441444 (1114144144) 411. 1. 4. p.
- Nogowczyno (1114111144) 411.
0141144144, 411. s. p. d. 14444444 144. 144.
- , oppidum 200.
01414444 (11144111) 411.
(11144114)411.
01444444 0441444114 (1114414144) 44444114 Κ1414114
appellata 411.
14 01444144111414114444, 14 orm. 1141141414 114.
01444, 41414 1411144414 444.
014444414444, 0141444444(Κ1111144ο144) 411.
0144444444 (1114444414) 411.
014441444444444 (1144144144) 411.
01414444114444 (1114141164) 411.
0411144 (1141414) 411.
0411141144, 04141111441 (Kobylniki) 411.
04414444 (1144114) 111.
04444144 (1) 4114. 17. 14.
0414411444 (1141444444) oppi.
04141114444444 Η4114144 444. 414.
04444444 (1141114144) 411.
0411444444 (Κ4414414) 411
04414441 (1) 411. 14.
0441444114 (1414444111) 411.
0414444414, 0444444144 (1141114414) 111.
0414444414114 (1444444411) nobilis.
044441, 044444 (11414444) 411.
- , incolae villae 1444144441.
0444441414, dux cracov. 41 1411414144 114.
- , dux 1114444144 144.

- , dux Olosnioonsis 414.
- ‚ praeposit. 44114441 Corporis 0141411
contaminans, urbs 114.

3

 

