11111111, eplet- Vnfflhvim. 11.

- , 11111111· 11 Ouinia 10 01110111.
1η11111110111.11011111111101111 0111011111
ruffi„ 111 &siniti Jngeuonid'n 11⁴.
mnu 11111111. 01 tm. 1111111111 111.
1111110111, oppidum in 0111111111 441.

11111111, Frymth (11111111) oppid. 111. 111.

000. 101.

1οη0111111110111111 100.
- ,110101111111011011140 11.

&mmmmm
- ,1110111 01100111 0110011111. 111.
-— ,1111111 1010111111, (11111 00.
11111111 do 1111. 010111 141.

Θ.

0111111, visitator 0111111 praedicnt 411.

010111, 011111 (01111) 111 1.ζ1. Q 1111110 411.
414.

01111111 (11111111) regnum 101.

0111111101 (0111101) 111 1 p. Q Bychm 111.

0111011101 vil. 1. p. Q (3er Wysokie 410.

0111111, (1111101111 nobilis 14.

0111111111 (0111111101) 111

0111111100 (1) vil. 141.

0111111, 111. 1. p. Q 11011111 111.

0011111. (0111011111. 8. pQ 011111 111. ¹

0111111, vil. h. 1. 11110111 1111101101141. 110.
270. 271.
- ,111. 1 p. Q 00111111011111-111.
011. 410.
0111111111 (01110111) 111
0111111111 Ζ111111, 011111. Sulim 111.
01100011 (1)111 101.
·- , (halym (0111111) vil. 110. zie·
10111 10.
0101111111111 1. p. 111111 11. 111.
011111 (1)111 110.
’01110111 1)). 1111011101 11. 111-111. 111.
0101111 (01111) vil. 1. 1 0. 1111111411. 414.
0111011101 (0111111) 111 11111 0111111111.
0111111111, 0111111011 (1)111 11. 11.
011(01))1111 1111011181111111 111.
01110111111·(01)11111)111 1 p. 0. 1111011111
prope opp. 11111110 111.
011110111110111 14.ἱ ’
cinon& 11111111 111. ’
· 001111, civita 101.·110. -
00011, 1111. 1 p. propo Dobayoe 41. 111. 411.
adm (1) vil. 11 0101111 1011101111 171.
0101111, 011111 (1111111111. 0111011111. 1. 14.
“ 11. 17.ΙΙ 2⁸. 11. 1οζ 01. 001. (174. 171.
400-400.

wau (0111111111) 111
010111 (010101) ephe- 011111.
01011111 (0111111101) vil.
0111111, 0111111111 (111111) 11111111. 111.
01111011 (1)111 h 1. p. 111.
0111011111 (111111) m
0111111101, 111 1. p. 0. 011111101 11.
01111111, (1111101011. 11111. Β. 11111011 111.
01111011 01 colonis, 1100101111 0111 0111011.
411.
- ,111111 11011111. 01 100110 411.
- mariensis, provincial. 010 01111011.
440. 410.
0111111 John 1011111 1. 1. 11.
- ,1101110111111 141.

Ἥψωιιοωὼωωωιμμ ¹

01111111, 1111111 eandem 10.
- , episc. 1010νί11111 11.
emm (111011) 111.
mommo, 111 Q e. p. 110111001101401.
- ,111.1.ρ.11011111101101.111111.

01111, regim flung. 111.
011111οΜ111 (1111101101) vil.

01101111 11 1110011111 01 110111011011 1111111,
01 11111. 'sopor 110.
0111111, 001111. vil. 1101011101101101.
0111111111, (01111111, 01111101) 1111110111
0110011111 411.
0111111111 111001. archidiae„ 1011111111 111.
0111111, 111. 1. p. Q 1111110111 101. 110111.
01111111 (011161) 111 1. p. Q 0111111111. 11.
0111111111 (01111110)111. 1 p. 0. 1101011111 411.
0111111111, 111 1110. 111010111111 411.
0111111111 1. p. Q 1111111111. 111.
0111111111 (0111111 1111111011) 1111. p. Q 001
1101101.
- (0111111 101111) 111 1. p. Q 111111
210.
- 111111111οὼ (1) 111 0101111110 101.

01111111 101111 01 1111. 1101111 111.

- - 1001111101 111. 110.
01111111110111110) vil. 1. p. Q 01011111.
011111 (0111) 111 1. p. Q 1110101 111.
01γ1111111, 0111111, (1111111111 (0111111) vil.

v 01111111 (01111111) 111. et 1111101 ferri 1 p. 0.

(1111001011 111.

00111011111 (0111101101) vil. 1. (1.0. 1101110111
0133111101 01 1111011011, 01 arm. 0011101111
01111711,ιέὦῆ 14. 11. 411.

01 01111111 dudm 11.

1

 

