nn

<Suum 711 0. p. 1. 11701711 174. 881. 887.
817777771070, 8177707770ιο 01170 817070071070
(8170700100) 711.
81771071770 (1) 711. 0. p. 1. 80171107 744.
8177711777 (8177011107) 711. 7 p. 1 11710701 01
1. 17017707 704. 707. 470.

10 8177777770 Thomas, 100701. 100107, 8. Τ1001.

profes. 140.
8170770710ιο (8170700100) 711. 7 p. 11. 1117110
81η838111ζ1718238301118) mna 111. 417. 476.
8177701070 (1) 711. 718.

81770170770 01770177οι07ᾱὶ7 1700707017. (in op·

pido 81770170) 101.
81777170, oppid. in 11000001 87717171οη01 74.
877707710,7771747. 70. 770. 777.
81707717717 Thomu, episc. (17000. 188.
8177077707 (8177077ίο) arm.
8177070117 (8177007777) 711.
8177070777, 81700707 (8170167) 711.
81770070771777 (8777107100) 711.
8177777700, 711. 0. p. 1. 1117707100 877.
8177077777, 711 0. p. d. 81007 701.
8177777777(811·77167) oppid
8177011777, 711. 7 p. d. 11100117 7ο. 77.
81777077ον7 (81770167) 711
8177716777, oppid. 01 fluv. 1110101 804..

817771077100, 711 0. p. 1. 81071077 (nnnc 7 p. 1.

8101707710) 88. 77.
8101777177, taberna 11. 70.
8101777177 (8171710711) 711.
810170710770,10110117 711 Imbramowioe 877.

’8101717711 711 7 p. d. 80107017 884-887.

80017 11717, 711 7 p. 1. 8770710 787.
8001777177 711 7 p. d. 8071071177 470.
8770117717, 711 7 p. 1. 1771711 177.
80101 (87101) 711. 0. p. 1. 1717707077 070.

- ,1117777710007111711717117007
10 80101 10711170 10 nrm. 11011771 170. 170.
877100 007700, pincerna 8700071077 170.
8711777, mna 817.
8771171707, agap 8071017171οι 878.

- ,10107717 0770710170 (170007. 487.

80171077100, 711 17 0. p. prope 1107777771οα 878.

- ,7117771877071077717

87711777 (1) 711 07.

8771777 (817167) 711

871771771077 (8010177100) 711.

8711770107, 711 7 p. 1 11177070 877.

Nouum, 711 0. p. 1. 8177177100 48.

- , 711. 7 p. d. 11771711 770. 177. 704.
881. 881. 887.

8077771077 (1) 711 7 p. 1. 110777777πί07 880.

8777110717177, 71170 8100100107107. mount 177
818.
- ,177107 episcopi 1717077 700.
- 1170111 01101777071701700 10 um.
81777101 778.
- , 771Ιο0 7. 77.
8777777077 (87190100) 711.
- , fluv. 777.
87771107711070107 Stephanus 10 arm. 1110 817.
8700770177 (87100100167) 711
8770717771070 (8100107100) 711.
8771017777 (81001177 111117) 711.
8771017οᾞ707 (8100107 11717) 711
8777117117, 711. 7 p. d. (17707101 170.

87717770, 711. h. 0. p. prope opp. 87777711 170.
8010717107, 711. 7 p. 1 (1107710107 747.

8777101707, 711. s. p. 1807777771100807. 870. ,
8771778177, 711. 11. 0. p. 01700 81007 770.
8777177107, 711 0. p. 1. 1110077707 08.

8777170107, 711 7 p. d. 8071071017788. 787.

- , 711. 7 p. d. 8171007117 717.
7170107117, 711. 1. 0. p. 01700 0771110117
11. 11.

8717107777, 711 17 0. p. 01707 1101777177 18. 780.

8811. 888. 408.

8717177710, 7117 p. 1. 8707110777 878. 070.
8777171677, 711. 0. p. 1. 1170017 410.
87171710177700, 0700110 110.

877717777οη, 8717077070 (87101700) 711.
877177171077 (8107017100) 711.

8771707077 (1) 711. propo oppi. chm 777.
8777171717, 711. 0. p. 1. 10107701710 807.
8771777 (8710170) 711.

8771771177, fluv. 887.

8770107777, 711. 0. p. d. 107700 10. 117.
87707717771077, 87000071οι0, 870070710ιο (870·
0707100) 711 7 p. 1. 8. 10001017 0001171717
(nuno 0. p. 1.11761107100)88. 147. 477.

8777707777, 8707071771 (8707070177) 711.
8777007777 (87100077) 711.
87777071777 71170 Ρο10177177, nunc 110170 810-

100107010 (1) 711. s. p. d. 8100100107 701.
87777077777 (87100100) 711.

- (87170100) 711.

- , 711. 01111710 wida 01007710 707.
8777771077, 87777771071070 (871007107100) 711
87777110777777 (8717107077) 711. ¹
87777771 omn 1101111110, 0017070100 711. 1177771011

148.

87771077707 (81001167 11017) 711.
87717107771000170, 0070771 1170007107. 47.
87771οΙ17 (87711711) 711

8070777177, 8770717 (8117677177) 711. 7 p. d. 111717· 8777107771070 (81010707100) 711.

7100 0118770710 40. 70.

7777007771777 (8717100167) 711.

 

