mv

81111111111111 (8111111111) 111

8111111111111, locus in Ρ1111111 111. 111.

8111111111111 (01111111πὶ11) 111

811111111111, 8111111111 (8111111111) 111.

8111111111 (8111111111) vil.

8111111111 (81111101) 111.

8111111111 (81111111, 80111111) vil.

8111111111111 11111 0111111111 (8111111111)

8101111111111 (0011111111) 111.

81111111, fluv. 12.

11111111(1)1Ί. 101. 101.

811111111111, 8111111111111 (1111111111111

- 8111111111 (811111, 8011111) vil.

8111111νί111 (8111111111) 111.

8111111111 (8111111111) 111

811111111111 (8011111111) vil.

8111111111 (8011111) 111

811111 01111111111111 11111111 11.

8111111 (8011111) 111

811111, vil. 1. p. 1. 111111 (nunc s. p. 1 Ρ1-
chaom) 111. 111.

81111111, 111. 1. p. 1. Β111111 Stare (1111 1. p.
d, Brmko 111111) 14. 11.

8111111111, 011111111111111 (8111111111) armo.

8111111111, 8111111111 (211111)111

81111111 (Ζ1111011) vil.

81111111111 1111111 11111 11110111 (0110111) vil.

8111111111 (811111) 111,

81111111 (8100111) 111

8111111111 8111111 (8111)111.

811111111111, 11111 111111 1111δί11111 (e) vil. 1.
p. 1 21111111 111.

8111111111 (01111111) 111

8111111111 (1) 111 110,

81111111 (8111111) mna.

Smlblnwym (8111111πί11) 111

8111111111 (1) vil. 410.

8111111111 (0111111111) vil.

8111111 (811111) vil.

811111111111111 (11111. 110.

8111111111101111101, 01111111)111. ·

81111111111 (81111111) 111

8111111111111 (8111111111) 111.

amaeam (Swipoioe) 111.

amaneum, 1111111. 111. 8111101111 410.

811111111111111 (8111111111) 111.

81111111111111, 1111010111111 (11111 11 1.(1. 111
tem Symdiemi 171.

81111111111111, Βι111111111011(1111011111111) 111.
et monast.

811111111111111 (8111111111) 111 ·

ezwymmko (8111111111) 111

81111111111111. 114. 211.

8111111111 (8111111) 111

ww, 1111181111-

811111 (1) 111 110. 100.

81111111(8111111 81111111) 111

11 81111111 1111111111, praeposit 1111111 11 111111
148. 149.

81111111111 (8111111111) opp. 111.

81111111, 8111111, vil. 1. p. 11 81111111 11. 11
71. 184. 1111. 194. 22⁰.

81111111(8111111,81111111)111 -

811111111 (8111111) vil.
- (1)11111111111,111111111111.111.

811111111 (8111111) 111

8111111111 (8101111111) 111

81111Ι1111111111 (811111101111) 111.

8111111111 (8111111) vil.

8111111111· (8111111111)111

8111111111 (1111111111.

8111111111 (81111011) 111 ¹

11 81111111 nobiles 1111111111 111.

8111111111 (01111111) vil.

8111111111 (smne) vil.

8111111111 (81111111) opp.

811111111111111 (2111111111) 111

8111111 (siem) vil.

Τ.

’11111111 olim oppid. 1111111. l1. e. p. prope
11111111 111.

1111111111 (1111111111) 111. 1. p. 1 01111 11
1111111111. 11. 10.

Turnum, vil. 11, e. p. 1111 8111111111 et 111

1111111 11. -

- ,111 1. p. 1. 1111111111111 100. 101.
110.

Τ111611, oppidum 410.

11 Τ11111111111111, palatin. 011111. 100. 111.
300.

11111111 (1111111) vil.
- 0611, 111. 1. p. 1 1111111 (111111.
1. 0111111111) 110.

Τ11111111111 (1) 111. 110.

Τ111111111, vil. h. 1. p. prope Julo 100. 210.

1111111111 111111 140.
- 1111111111 11.

’1111111111 (1111111101) 111

Tmuwn, 111. 1. p. 1. 0111111111 111. 111. 111.

'numum (0111011) arma.

1111111111, vil. 1. p. 1 811111 01. 11.

Τ11111, vil. h. 1. p. propo 1111111111 00. 11. 101.
111. 111.

Tompoozo'w, 111 11. 1. 8111111111 11. 011.

ψ reoda-un, 111111 convent. 1111111111 411. 411.

Τ11111111, 11111 111.

Τ1111111, vil. 1. p. 1. 111111 110.
’1111111111 (11111111) 111.
’1111111111 (Τ1111011611) 111

 

