04184481618,811118.8.88884888.11844141
877. 881. summ-³1⁴. 888.

04188448844 (1188888181811.

Ἥ numm, 1111888888 (nom)
ο , - .

0818441481844, 0888418884 (0811448411811

0481484441444, nonumque (11 811 817. m.

0414848,81188.111188818811181118 814.

DOMO, 811114 188. 100. 171178. 870. 411.

04184811844, 0818841848, 0818848848 (1181884888)

0418(11818)8118.811118888888.

Nm (118ῐὶ88) am.

0814448848111811181818481488 881881.
488. 488.

04144484, 84888, 048888. 188.

0884484111 18 1181814118, 8481811. 1118888418 888.

0444484418118 (7) 8811888. 811 1801881848 848.

0484448184( (1) 811 84. ,

18 044148481818184184, 18 4884 Pom 178.

8 0844141884, 18818188 8811 8188811881. 448. 448.

0441141888 18 04188844 488.
- 18 08888818, 481148 18 1188114 488.

0881181, 188811. 0888118188. 181.

08488484 (11881818) 811.

08881888 08081888 1010111818) 11 h» 4 1· 1¹⁰1ae
1181788188 88 88. 48. 88. 111. 484. 441. 448.

0418884818, judex 0888881811. 888.

08884141111881 411148 1888881111 08188 1181118
888. 888.

”nw- (088814) vit

0818441114 (11881888) 881118.

0811448188) 811, 888. 888. ‚

08844884 (11811884) 88188 87. 878-878..

08141414, 811. s. 11. 1 111111848πί88 77.

0844888448 (11848818) 811 8. p. 1. 08881884 487.

18 0844881844, 11848πί88818, 01488884818 18 arm.
818181 448. 881-484.

0118148 (ij) 11118. 874.

1111448484 (0141888188. 187. 817. 841. 888. 887.
aba-1155. ³11. 4118. 487.

08811444, 1111818848 (11118188) 811. 8 11. 1118881111-
84 stan 111. 181. 188.

omonymum (114118848πὶ88) 811 18 8 11. 888-
8188881 14188488 181.

08118114, 811 8. 11. 1 0188488188188 818. 888.
878.

088188, 188118 18 1118468 188. 187.

04418811, 8818018 48.

0441888. (01418444) arm.

081681, 80. 8 p. 1. 0488881888 188.

048184481844 (01814888188) 811

0441844888118 1811481188 148.

0448411881 (0188118481) 811

0844414111 (7) 811. 488.

0444441818 (1141884188) 811

71111811181840888711.

04484488444,Ι1481448ω (1141484181) 811
momina (11141888188184) 811
044818448484 (1) 811 8. 11. 1 7188818184 818.
181.
04418111 (04181818) 811, 8. p. 1. 101184484188 78.
1141414844, ama 148. 188.
0418184488184, ’811 1. e. p. 88888 1118118414 488
0418881414, 811 h. 8. 11. propo 0181884884 188.
801. 188.
0414841188, 811. 8. p. 1. 11418111 884.’
0418841818411, 811 18. 1 8188884118 14. 18.
04148818 81188 0811884811 (1141118818) 811 8. p. 1.
Panthu 488. 414.
-· (0411181118) 811 8 11. 1 1481811881
all-31³.
048414444 (1181418844) 88818.
0884844188 (0418418881) 811.
04841848418818444 (1718848888πί8) 811*
04811 111881 18 nrm. 1181188 874.
- 181184, 18 arm. 11811188 418.

114841· 111881 18 08888818, abbas 1811881111 488.

8884, oppidum 111 Β81181818 81. 88.

Ε111818 (1111189111. 888.

8188111 1011. 1884. 1881 canon. 084881. 188.

Ε1148184111, Ρ81. 81 Hung. regina 8181.

Ε1144118111 (1148888814, regim 1>01 81. 84.

ΕΙ1118811 (0111148) oppidum.

Ε1114818114,111114 S. stephani regis Hung. 887.
118.

tagum, 881188 1811881181 488.

tumim 0111111118, papa 78.
8881481184 81 1188818118 1881888 188888 Levat 878

F.

114114148418 2818188, 11881118 58.
7411481888 111881. 18 Oppol 488.
8411881848 (1811811188) 811 8. p. 1. 0181817. 48.

1411881818 Jacob. 811888 8188881 18 1188148881-
88 888. ·

88111814,1418884 (0811818188) 811
181148, civis 08888188. 118.
8811448111, 811 81 cracoviam 111. 118.
88884118818 piscina in 11181811 888.
8888148118 (0811888111) 811
Fon Andr. 88811411 1881881818 116.
Flnmmmm (Ρ18181818481 41148 Mora) 48818.
florentin, 81811. 1181188 888. 888.
1118814484, 1188884 partis 811 11481181 418.
- , nobilis 488.
8. 7844814884181181818 488.
1844814884, 888881118118188 8488811 08888-
81811. 188.

4

 

