κ15511115,(111551155)111 11 5. p. prope 511111115-
1151155 115. 881.

11161 111551 55151115 115.

116751151111. 1. p. (1. 17111515151(15115 1. 1171.
saliuam) 515.

11155516115111111515 151. 151.

1551511515, oppidum 555.

Κ151151 (1115551) 111. 1 p. 11. 1111551155 555.

11151151111111. 1 p. S. Stephani 115 (11155111

88. 41. 41. 110.
- , vil. 11. p. 5. 5551551515 111-115.
156.

-· (1111151111) vil.

Krowuow (1115511111) 111

1111151, 1151 515.

xmp· Petrus 15 Tarum 54.

1555111 5151151, civis 5555551511. 145.

10511115, 111 1 p. (1. opp. 1111515151 111.

11115111111551111115 111 511111. 15111111 455. .

Κη1111151, 111 11. 5 p. 1115115 11012111211 551.
8114. 567.

1111515, 111. 1. p. (1. Κ511111111151555. 571. 577.
880. 880.

Κ1151155115, Κη5151151111 (11111515) 111.
Κη51155 (11115111) 111
Κη5155511151,111 1 p. d. Κ511151111511155. 151.

Κ11551511 (11155151) 111
- , 111 1. p. d. 11151115 155. 154.

111151611111. 1. p. d. Τ511511 11.

“nonenim (Knoipcioe) 111

11551115, oppid. et castrum 121. 111. 151. 155.

11111111111515 (Κ1151151155) 111. 1 p. d. Ρ151161
18. 28. 80. 428. .

Κ11411511155, 111. h. 5. p. 111115 (movim 51
’1115111511 511111. 51. 75.

11111515, 111. 11 5. p. 1115115 1151151115 Ζ511111151-
aka 55. 57.

1111111151 (8111111115) 111.

11111511 (11111115 8115111011] 1 1 ‘l 11011155·
50 484.

Κη111155111511 (1111111151155) 111

111111555115151, 5511151155. 171.

111111155111515 (1111111551155) 111

1511151551 (1) 511 555.

mmm. (1111511115) vit ι 1· (1 815
11151 144.

1111111 (111111) 111. 1 p. d. 1111111515 115.

1111111155111515 (1111111151155) 111 1. p. d. 1115
liuh 545.

1111115171 woly· (1111115111 11515)111 1 p. (1
11151551 155. 414.

11111115ψὶ511 (811111151155) 111.

1111111511· (Κ111155115)111.11.5.11.1115115
1555151555 115. ,

1111111511155, comes 155. 171. “

m

Knyznnowleu, 11111115511515 (1111111551155)
111 11 5. p. 51 5151111151. prope 81115161
80-90. 88. 08-104. 180. 1³2. 188. 1117. “

1151111551151,111. 11 5. 11111515 1112 11. 1115.

mmmmm, 1111. p. (1. Romu 212. , ·

11555111, 111 1 p. d. Β1151115 Stare 75.

- ‚ vil. 1. p. (1. 111151 151. 157.

“umba (1151111115)11115 155.

11111111 1111151511 5115111511 155.

1151111611, 111 5. p. 1811111111(55115 1. p. 11.
1151111151) 71. ·

1155515111 (1) 111. 155.

11551 Jacob. 1515155151 111.

5555155111555151115155. 15. 155. 555. 555. ³
837. 357. 358. 465.

1111515511 1111111111, consul 1511155551 455.

Κ55651, oppid. 157. 155.

Κ55155 (115515) 111.

Κ551515115111515 (1) 111. 514.

1155555551511. 1. p. S. 1555111 de 0551511115
88. 49. 50. 142. 440.

1151111 111551. de 5115 11155515 155.

11111611, 111 1 p. 1111111151 151. 155. 455.

Κ51511115171111, 155.

5515111111 111551 archiepis. (15515. 141.

5515111511 (1151511111) oppidum 517. 515.

1511111151 (11511111) 111 1 1511. 01111111 155. ,

Rutuba, 51155 155. ·
15111155511151, 111. s. p. d. Β1551 151.
5111551511, 111 1. p. d. 8151115111 55.
11151511 (11151515) 111
Kydow (Κ11161) 111.
1115151111 (1115111115) 111.
1155151111, 1115151511515, 11151511511515 ·
(111515151155) 111.
11151111511511 (11111. 115.
Ι(111, Kygye (1115) 111·
- (1)111.51151 111515151155 15.
11111155171511 (111515551155) 111.
11111151, carnifex 41.

1...

1151551511 (1515551161) 111.
1115115111, 1515151111 (1511515111) 111.
1111111 (11511115) 111.
111511 (bagme) oppidum. ¹
1111115111, 1511515111 (1511515111) 111.
1151111111 (1) 111. 111.
[115111115111515101151511151115 11115115 455. ,
- , 1515151151, episc. 01555. 151. 115. ,,
1155155111 175111 (1) 111. 1 p. d. 1155151155.
213. , ι -
11551155 (15151111) 111.
11551151551615551151555) oppidum 115.

 

