xm

1188181118, 111 1 μ 1111111111.

rnamen- (8118888188) 111. ,

1118888118 (1188111) 111

1188888888 (1188181111) 111 .

11888118, 111. 1. 1111181181 100. 110. 111.

1188811811 Petrus (18 arm. 1111888 888.

18881888, 11881811 (188181) 111

1111818111 (111111)118ι1880. 181.

11811111, 8111 111. 111-888.111-111.

11188881, 111 h. e. p. 18118 8181111181 81 88111161
81. ’

18881118,1181. 811.

1111181188 (11111888) 111 1 p. d. Koniemloty 888.
2³9.

1811818188, 811 1 p. 11. 1181888188 881.

- ,111 1. p. (1.11811811188 1181818188 88.
98.

111, 111. 1 11 (1. 1118818111 11.

188811, 18181811. 11 11 018118 8111181.118118 10.

mxx-h 8. 1181888 oppi. (1111188188 811.
219. -

’ 1188181111 1811181188101.

1118 1181118πί881 18. 88. , ,

1881888188 11111118, 111 1 p. 11. 8181188118 18.

18811881, 111 1 p. 1 11181881 (8888 1. 11 l
1111888) 111. 111.

111188, 111 h. 8. p. 81 8188811. 181-181. 188.
111. 199. 206. 207.

Tylmnown, 111 h„ 8 p. 18118 1118118 81 Κω-
1818818 oppi. 811.

1118111111 811181. 111118 propo 88111. Rode·
8188 118.

'U'-

1111818, 111 1 p. (1 81188118.
1188888181888 (1118888188) 111.
1188881, 11818811 (1) vil. 818. 881.
1181811 (11181) vit
1818818111, 11111111 18.
1118888188, 111 11 8. p. 81188 81181. 08811111
abbana. '
111881, 111 1 p. 11 11111118 801. 808.
- ,111.18.11.01811811188(888888.
d. 01181 1811118818) 188.
11188, 1181 (11118888, 11111181) oppa Pannoniae
479.
11181188 (11181 118181 81 110181) 111

11818888811888,1181188881888 (1181888188) 111.

1111181118, 111 11 8. p. 18118 1118811011 8118188-
11188 11. 11. 11.

1111111118, vil. 1. 11 d. 88811188 88.

1111γ8818 (11818161) 111

11888888, 1181811188 (1181181888)111.

11888181118188888 (1) 111 888.

1111188818 (11818101) vil.

Unykow, (1181111111) 111

11111888 (1) vil. 818.

1111188118 111, 8111188. 111.

111881818 (11181111) 111

11188181881111 1181181. 11188 811. ,

188811811181111111 8 p. 1. 0881811188 818.

11818 1888111118, 111 1. p. 11. 0881811188 (mc 1.

p. 1 (1181181808) 818.

-· 8818188811111 88118 1118111118 18.
11888188 (1)111. 111. ’
1188888,11188818 (111818) 8881 11 vil.
11188818888801188811188) 111
urae 1188 vit .

v..

1181811118, historiogaphus 418.

1181118 88118188 1181188, alias 8881118188, 18 1188-
garis 188.

1181118, regim Ρο108188 188.

11818188, 88881, 8811818811 1118881188. 118. 880.
- , dapifer 111.

18188118 1118188111 de 1181. 118118 811. 818.

8811118 (118111)181. 111. 118. 181.

1888888111 (1) 18881 818.

1888881818, civis 118 Soleo 810.
- ,118181 811118. S. Benedicti slavorum

881.

- ,18888811811188 11811881. 8111188.
225. ³³5. 8⁶³. 111. .

’ , 1888888188111181818188811818.

- , dux 1118888111 188. ¹
1181181188, 8111118 808.
11811118 118 smoniae 880.
1111811888, praeposit 8108881. de 1181111 118.
11118 8118118118 (111118188111
11111811, 118111 (11181811) 111
1111888111 1181811111, 111 81181, quae 8888 118-Ι
8111181181 11818 118. 811. 111. .
S. 1111888111 8888111811811811118 loo-1⁰⁸.

11188818 81181 Imm (1) 111. 18 11188111 moriensi 1188881188 1811811881 de 11818111, 118 8118.

1111.

81111111 cim 11188118 181. 181. 118.

υ1118111181118101181,111111.1)8111111
811 fluv. Wiepn 818.

1118188811188, 111 18. (111118 101. 181111. 818. 1188188181 (1111888111) 111

1181188888, {ix p. 11 sado (88888. (1.1. 111· 11818, 11118111 11818181 (1111181111.
8111188 .

8111881118. 8118811811 88. 81. 181.
881. 111. 818.

- 1181181888, 118 8111188 praediun 81118·

. nit historiam 811 1. 1111881818 111.

 

