8111414141, vii 1 4. p. propo 11011104 44.
101-110.
- , fluv. 11. 141. 104.
8444414111 (8144414114) 111 ormo 01 fluv.
8111441444 111. 41 ormo.
- 8144141441 nobilio 101.
8144110111 141144, 14414144 111 1111441444 441.
8114111111 14 1101111114414, 40111141 444.
81414111111 14 orm. 11144144 177.
- do 41111 844144 47.
81414111, 81414111 (81414111) vil. 4 p. (1 (10011
47. 44. aso.
811444114, 111. o. p. 1. 8014114110 440.
811411111, 111 onon 41011411 1 p. 18144114
nio—ooo. 888. 400.
8114111101 11441114, opino. 014001. 14. 170. 447.
408.
- cracoviensis, provincialis ordin proo-
41444. 444.
- , 1114410111111441011411 10.·
- ,4111114 1111144411 400.
- 1141114 8144110, 41114 014401144. 41.
- 41841411141144114. 144144 411.
- 41 Ρ41144 144141. Stropnrnnn 44.
8144111411414 (81441141104)111 1. p. (11411411-
014 8. 10.
8144144, loono in qno nuno oppidum 81414 404.
8141114111,111 n p. 1. 1414010111οο 441.
81144111114 (8144011414) 111.
81440111111, vil. 4. p. 1. 1114111410. 411.
811441114114 (8144011414) 111
8114111014 (8144144) opp.
8114144114 (8144141114) 111.
81111 1111411 (8141411101) 1111. p. 1 80140114
128.
81411 011011441411(01101141)111.
8141011411111 14 4114. 84111441 411.
44411144414414. 104. 111. 441.
81114411111144114.114111441 44. (411 i)
811101414111414 (8141041411104) 111 1. p. 11 1114
80.
, 8141411441, (nobiles 14 4114. 8141111011) 470.
8111110011, 111 ln 41110140141011110111-
08 201.
41441401, oppi. oo.
8111141141, 111. 4 p. 1 Kijo 17. 441.
811411111110114111141 nobilio 11.
8141140411 81001404, 44141110 44.
81141141, 8141114111 (8141111111) 111.
81114141144, 81014101104,111 4 p. 1. Promon-
00 840. 280.
81111411 (11111011) 111.
81444441· 1011441141, 4111141 4041441. 14 1701111
440. ·
81441141· 1114011141, 14 4141. Trium 1111114111, tb-
1141 do 1101114 444.

m

8111111401, obba 14011441. 14 1101114 440.
- ,4440411411 0140011411. 140.
- , capellanus episcopi 1114001144. 141.
- ,44141101148441014111 471.

- 14 01400114, obbas 1404111. 1411011111
444.

- , comos 0. 17.
- , gnon-dianus strigonien. 440.
- χ, prior 0041441. 8. 8111111110 in Lubiin
300.
- 14441114, ron Hnngnniao 447. 411.
- , magister generalis ordin. 1114411441.
458.

- 14 orm. 1114414114 144.

8111144, oppidum 101. ooo. 444. 444. 441. 111.

8044411011 (8144144) oppid.

81144414411 1411414414 111. 8144141111 441. 410.

8014414114 (8141110114) 111.

81144111414, 81144141414 (8144144) oppid.

81114414411111, 8114414111, 8144141111 (814·
1114111) vil

81441014, torrens 111.

8141411414 (8114144) opp.

81441014144014, antiquo 0111144 8101004414, 4
p. 1 8101111010 141.

8014141414 (8114144) oppid.

8111411411 (8441110101) 111

8110141101014 (81414101144,810141011144) vil.

8111111411 (8414104) 111

81111011 (8111144) 111.

8114114414,141141114 11. 10.

8140111, 111 4 p. 1. 0444141411 444.

8141411, 8141411 (8101011) 111. 4. p. 1. 1101014-
4101144 410. 417. 410.

8141011411140111, 8101011114 110114 (1111014) 111.
1. p. 1. 8011444101401. 414. 410.

8101111. 1. p. (1.11141144101104 (4011041). 1.
1141014144) 444.

8114101411, 8114101414 (81141041), 14114111. 01440·
vioe 10. oo. 41-44. 110. 441. 414.

8114414140 (1) 111 118.

811414ρί4111 Τ11011144, opino. 01400. 148.

81114411411(8111411011)111 o. p. 1 0101144111
878. 887. 1100.

811441, 811414, sompnum, 41141 8111441144
(8111411114) armo.

8114114114 Petrus, magister 14.

8110411440 (1101114111) 111

811041111410,811·011114014(1)111. 1. p. d. (1101
410. 408.

8114111 (1) vii 411. ooo.

811014 (811044) 111.

811411 (1) 111 417.

8111111, 811411 (8111111) 111. 1. p. d. 8441 110111

. 848. 845.
8111114144, torrens in 111 8141114111 171.

 

