*Boionio Wdik· 111. 9. 0. 0. 891019 994-999.
Β. 891101, 01100909 Taurorum 401. “
- ,10009 10 0191110111 1110091, perquem

8901919 (8110109) 111. h. e. p. prope chrzmow 000. 1191119109 8911111 incedebat 401.

990. 990. 997. 999. 8911191, vil in eujus 1000 0000 civit. 89110119 90
8901919, 111199 inquorum 1090 oppid. 81190109 (1190011910 11. 99. 141.

190. 919. 819191 1918000191116101, 111 0. e. p. prope
890001οη919 911119 89111019, 111. 9. 0 0. Gro- 111910 909.

10011 (8010010911οο, 9 0. (1 0111100109) 199. - 1101111, 111. 9. p. (1. 819101 (10101 909.
8901919 Novo et Antiqua, vil. 10 quorum agris 909.

loentum 9910001. 8111911109 190. 919. 81110911, 111. 9. 0. 0. 11190119 490.
8900091019 (8901100109) 111 9. 0. 0. 8011110111- (1981911019 00019009 979.

oe 99. 891199, 111. h. 9. 0. 01009 0001011190 919.
8911110110 (899110) 111. 9. p. d. 1001911109 mo. 8919, 191110019ῆο 999. 909. 999. 991.
891109 111. 9. 0. (1. 100109 99. 89119 11910009, 0001011009 (191110091149.

· 8911019 (1)111. 919. 1 8909019109, magister, 09000. (11900. 191.

89110190110090.(199101.10001 111. - ,0199οο911 110910. ordi. S. Sepulchri
8011090189991911, 9010100 49. ’ ’ · 1100110101 Hierosol. 90. 91. ’
891010911(8911091)111.0. 9. p. prope oppi. Sien— - Nonus, 0009 191.

00 999. 914. 8910900910 (1) 111. 99.
8911019 (Belide) 111. 09 891110 11100091, 010109 8119000111, 09 9101110
8909191 1111119119 900 Superior (8110191 (10101) 11119190.

111. ’ 891091009, 9101119011199001. 910. 999
8909191 (8119191 (10101) 111. S. 891009101009 477. 479.
de 8900110111 Adam, 09000 (11000. decr 11091 199. 8. 8910091009, abbas (119109 Vallis 999.
’89011001 (8111011) 111. 891101009, 019101 09 0001. 8191111091 99.
8900091901 111901. nobilio 490. 8999011100οο09 (8191091009) 111.
8909009919, 8009011009 1111119119, 8909910119 (89 8999091, 111. 9. p. d. Cerekien 914.

9101110111. 8999999 (891190) 111.
8909009009 (8991011119) 111. 89910111 (1) 111. 991.
89091091( (8999011) 111. 89910119, 111. h. 9. p. prope 0001. 89090011. 119.
890911019, 80091101ἰο99 Major et Minor (89911- 191-199.

09)111. 8991011119 111. 9. p. d. 89910119 199.

891111001. 09 0111110101, 0101100191. ordi. 0199· 8991109 1101119 91 dorne, 111. 9. p. d. 8011919911-
010 499. 09 (nunc 9. 0. 01100111910109) 977. 979.
891911, 91091110 49. (19 8911110111 101190. primarius 0199009. 0001901.

8919110111, 111. 9. 0. 0. 8119101111 991. 0911191011( 179. Ι
891011919, 891011οι9 (89101109) 111. 0. 9. 0. pro· Bordzoohowinze (?) vil. 917.
pe 91101 91911919. 990. 991909 (1) locus 011.
8919110110, molendinum 10 111. 890110 199. 81919, 1101. 9.
8910010111 olins 89110119 (8910111111) 00010 Hun· — ‚ 111. 0. 9. 0. 01009 opp. 1110000110 194.
gar. 190. ooo. 109, 110.
891101, molendinum in 111. 110019100109 (99. - ,111. 9. 0. 0. 81919 prope Kiobnuko 199.
499. -’ ,111.9.0.(1.10111011197.
89110,1(·00910800(1001111999. - (1) 111. 999. 997.
8911110, vitricus 90919. S. M. Mngdnienoe 10 890- 81919019911, 111. 9. p. (1111101019 941.
domitia 497. , 810919110 (8109191010) 91019 909.
891100101099091199101. Wieniowo 199. 8101019, 81111019 (810199) 111. 9. 0. 0. 71910001
891110101910011019 (Burtiomiejowiee) 111. 9. p. d. 19. 99. 99. 11.
11110010109919. 999. 8191109 (8101109) 111.
891101, 1909109ἰο 111 1901101090 991. 8101109, vil. 9. p. d. 8009010009919.
8999901919, 8991001019 (8991011109)111. 9. p. d. 810110 (8111110) 111.
supin 110119 999. 949. 81010019 (81010119) 111.
“899910019 (80990019) 111. prope oppi. 10191011 99. 81990001, 111. iu e. p. prope 80990011 99.
8910001019(891011100) 111. 9. 0. (1 Rnciborowiee 81991 oppid. 0109911001 901. 497
910. 819000109, 111. 11. e. p. prope 8119181911 9119.

 

