1444414414 1111441441, 44411441 146. 144. 444.
466.

11114141, arma 441. 444. 444.

1144411444 (1144441444) 4441 446-444. 444.

Nummum, 4141144 444.

1114444141444 (1444444144 1) 444.

11γ14 (11114)1144.

1144644444140) 411 4. 4. 1. 1144414144 447.

11441444441444114 1114411144 447.

1144444444 41114 0441144144 (1) 411. 4. 4. (1 844-
1014114 871686.

7044444444, 144114 444.

1144441144 (111444111041144

1444144144114, 4441444444 411 8444414444 441.

1144444144( (1114441164) 411

144444414141444 (114444144144) 411

”mmm 1444444414 (1114444146) vu

1444444414, 14114444 4. 4. (1 Ζ14141444144 41.

11441144114, 1144144441114 (1141141414) 4111

7144411444, filius crzywosandonis 474.

1144444414 14 0111441444, 14 4141 Lis. 4114441.
0144114144. -14,

‚ ΝγοωγΙ (1) 411 446. 404.

1144414 (1114414) 411.

11444414441444 (1114441441144)44411441

11444444441144 (111441441414) 411

1044441414 (1114441444) 411

Nymwyonye (1114414111) 411

,114444441444414 (111441444444) 411

1144144144411111 1144111, 114444414414 (1) 4444 14
411 1414444 414.

Νγονιγίὴονιίοιο, 411. 4 4. 11441414144,1444414
66.

11444464111414 (11144411164)411

1144414141444 (1) 411. 444.

14444114 1411114 (Nina 14114) 411

11414114 (1) 411. 444. 444.

0.

obeezytlyn, 4411441. 411 14146144 444.

4114144, vil. 4 0. p. intra smkodny 41 411-
4444144 7. 114.

0614444444, 14441 14 411. 1144414414 444.

04114, 011144 (011114) 411 4 4. d. 11441164( (11444
4 4. (1 114414144144) 174. 174.

0114444414 (01144644)411.11. e. 4. 44444 844114
min 44-44. 444. 414. 444.

0144444144444, 04144444444 (0414464144) 411 4.
4. (1 1114114414 444. (44.

01414111 144411, 144141. 14444 144.

0111114444 Β4111141. 1441111. 01141414 144.

(14 0114411444( John. 14 arm. 1114414144 111.

0411441444144, 411 4. 4. (1Βο1444644 144. 447.
188. 292.

.04114144,411. 4 4. 1. 0144144144 414.

mx

Oebothnyozkt (04114141401114 4. 114άο
(41144 h. 4. 4.) 444.
04114444 (04144) 411.
04144, 411. 4 4. (1 1114114414 447. 444.
04111, 411. 4 4. (1 (1614 11444114 414.
044444 (014644) 4114114111 440.
0441444 (04144) 411.
044141 (0414) 411.
0441414144, 411. 441 11464164( 41.
0141141144( (01441164) 411 h. 4. 4. 41444 81444-
64611 12. 166.
14 01411414 11411144, 4141111444 414.
0144444441 (01144441) 44414.
- 11111444, 4414114. 1144441144. 444.
-· 81111 (01444441) 411
0444411444144. 44. 41. 74. 144. 111. 114.Ι
146. 166. 2118. 150. 0611. 404. 411. 414.
416. 448. 441.
- , 411 11 4. 4. 44444 11441114 441.
011114, genitrix 1444114414 (14 1141444411, 4444411.
01144. 474.
04144111444144 01444144. 44.
0444114114 (1) 411. 444.
014644, 44411441 44444. 4441. sm 444.

0141414444 (01441441441411. 4. 4. 1. 8444414444 ’

371.
01141114, 411. 4. 4. 1. 14111144 444.
0144444144. 174.
01141144, 411 s. 4. 1. 0414111444 414.
0111111411 (0114414) 411.
01411614, 411 h. 4. 4. 44444 4441 (14441144 447.
01411414441111. 4. 4. (41144 4. 4. 1. 4441. wi-
44144) 444. 444.
0141111114, oppidum 147.
01111144, 44411441 44. 444. 474. 474.
0144114 (014144) 411.
0144114414 (0144444) 411.
0144114414 (0144114114) 411.
0144441414 (0144644114) 411.
014414444444 (0144441411) 411
01444114, 411 4. 4. 1.Ρ41441ο1414444.
0144441144, 411 4. 4. 1. 2414444144 44. 74.
0144441114, 411. 4. 4. 1. 1414444144 444.

- 4144141144444141) vn.

0144644114, 411. 11 4. 4. prope 1441411644 144.
444.

0111444, 01444 (0111144) 411.

014444141444 (01444144) 4441.

14 014144141444 Andr. (14 4441. 11411114 141. 144.

184.

- 14114441111114844144111144. 144-144.

0144414114 (0144614) 411.

0141114, 411. 4. p. d. 541444444114411. 4. 4. 444-
444441Β1644) 417. 144.

0111114, 411 4. 4. 1. 1111644 (4444 4 4. 1. 1141-
1144) 4. 44. 44. 444. 444.

 

