111111, 111 9 p. (9 1191999111 911. 199.

1111111111 1191. 199. <

1111111111 11 e. 1.(119119111119991.99.199-199.
217.

1111911 (1119111) 111.

11111191 (19911. 99991191 999.

1919191 (11919199) 111.

19111111, oppidanus de 8191111111 99.

19191111, fluv. 419.

1911111 (11911119)111119

19111199 (1919119) 111.

19111199 (11911911 1 111. 9. p. (1 11919191) 999.

19111191, 91199 laurentius, 91119999 1191111911. 499.
410.

19111191 (1) 99.

1911911191 (1999911111) fluv.

1911191 (9919)(111119.

1919911911 (1191911199) 111

19111111191111. p. (1 Τ9911911 199. 999.

19111111 (1111111119)111. ’

(19 191111 81911191. (19 91119 1911919, 11919119 Podo-
11119 1. 11.

19111, 111 h. 9. p. 911. 991.

1911111, 91111111 999-999. 499-499. 499.

(19 1911119 Stephanus presbyter 490.

19111111 (1191119) 111.

191111 (1)111. 1. 99.

1911111911 (1111111199) 111.

1911111 (11911119)111.
- mmmm

1919911,111 9 p. (1119911111 19. 99. 14.

1919111111 111 9 p. d. 1111911111 919.

1919111111111 (19 91111 11199119 919. 919. -

1919111911, 1919111919 (1191911191) 111 h. 9 p
inmorawvim 91 Ρ1999911199 199. 919. 111.
289. 24⁰.

1911111111, 1111111119, 11911191 (1191111191111

1919119111 91199 111119 (1919919119) 111.

1911911199( (1111911911) 111.

19111111, 111. 1. 9. p. prope 911111 1199111199 911.
1180188.

19911111, 111 9 p (1 01199111 944.

191191 Tertius, 119119 919.

(19 19911911 Petrus 891111191991 149.

19911911 (19911111) 111.

19111119 (buck) oppid. 91.

1911111991, 11911111. 91 Polou. 191 99. 91. 119.
111. 110. 111. 110. 101. 881. 1109. 400. 4³7.
418. 410.

1911111111, 111. 11. 9 p 11919119111911 499-499.
441.

19111111 (11911111) 1119111111.

1911111191 (19191199) 111

19111991, 1111919111 (19111911) 111.

1911191119 (1)(11919.

19111111 1911991199, 91111 8991999199. 919.

m. 11111. Mum m.

19111111, taberna 999.

(19 1911119919 1191911199 999.

1919919119, episc. Ρ199911911 99. 94.

1919111111 (11991119) 111. s. p. 11. 611· 419.

19111991911, 1191911919 (1191911199) 111. 9. p. (1.
1191919199 911 oppi. 0111199911 999. 999.

191191991911 (1111191199) 111 “

1111111991, abbas monast. 1111199911. 999. 994.

19111119 (19 Τ91911, scultetus Smdomirien. 914.

19111991911 (1) 111 909.

1911919191 111199Ρ19111191119 (Petn') 499.

1911991191 (19 0111111911 99.

1119111111 (1111111111) vil.

Lynmkowioze (1999191199) 111.

1111119911911 (19999199) 111.

1111119111 (11999919) 1111191 1. 99.

1111119111 (11911611) 111.

11111911119111191111, (19 9191111199 919.

1111111111 (11911919)111.

11111111 (mlxi, 11991111) 111.

1111111911 (1199111111) 111

1111119191 woly! (0111119119 0119) 111.

111111991911 (1191199199)111.

111111 (11911) 111.

1111111111 (1111119119) 111

1111111 (Libida) vil.

119111 (11111919 1119119) 111.

11191199( (19911911) 111.

1111111111 (1) 99911991 999. .

1119111199 Μ91111 (1)111. prope 11191991999.
414.

1119111111, 1119911191 (1111111111) 111.

11111191911 (1111199199) 111.

1111911119 (1199191) dux.

11111191 91191111991119ω111. 1. p. d. 8111191
269.

1191111191 (1191199) 111.

11911111911111 Ρ911119 911.

1111111119 (1199191) du

1111191911 (1) 111. 9. p. (1.111119911911199 99.
100. 1011.

1111911, Lym (1111919) 1911 (19 1119119199,
(1919111119119191911. 199. ((1.

1111911 (11911919) 111.

1191119111 (1)111. 999.

[1911911191 (19999111191191.

11111111 (11111199) 111

1111111911 (1111111199) oppid. 91111.

11119111 1119119911 (1111111) 111.

11119911, 1119111991 (1119911199) 91111. et vil.

tm· 1111111111

11111111, 1119991991 (1111911199) 99111.

(19 111111111911991, praepos. 1199911. (19 Calvo
1191119 199.

1111119111, 111. quae disperiit 111.

[may (19 911.,11191111919

 

