011110 1011011101 18.
- 1201110111000111000001011110-
001, 51.
0110 10 1110000, 1101010111. 0100110. 410.
0111000001 (0111110101 111
010010ογ, 111 0. 0. 1. Buskc 110. 14. 00.
0101011010 (0000111011) vil. 0. 0. 1110111110110·
00 135.

P.

Pcccclauc, palatinus 18. ·

cccccccccc Paulus 10 (11000010, 0111101 1000001
10 1100110 400.

Ρ101011111001110111001 dc ann. Topcr 10.

Ρ10111000, 00000 (110000. 118.

1110000100. 400.

1110101110 8100101000, 0001100. 10 11100011 40.

Paconius, 0011001. 011 Κ1010100 110000000οι 151.

vuccanus 10 0101. 11011001 181. 180. ’

11111οο1101 (1011001111) 111. 0. 0. 1. 1110 11. 411.
416.

11110111 (1010111) 0010 10100110 10100100 11010110
01.

1111001000, 011. 01 00110 1100110001οο 0 p. 1.
(1101000110 110.

9101110001), 0001100. 1081111001 111.

1111101010ου (1000001101011 0. 0. 1. 8001000101
98.

9101011001 (Ρο1100100) 011.

ΡιηΙιωΙονιΙοιο (Ρο1100100100) 011.

Ρ101100111001110, 10 0110. 1101110011 11.

1110111001οηοΏ (Ρο011001010100) 111 0 0. 1.
1100010100 110.

Pcnkmzcky 1101001000 10 0101. 110110 110.

11001011 Ρο0101, 00110110 81101001 110.

Ρ1101101001110 (1010110110) vil. 0. 01 10100100
(00000 0. 1. 111001010100) 114.

1101011, 0101100111οο 101. 100. 110.

1110101010 (1010010) 0111111011οο 100. 111.

1111100011 1016100100, 10 010. (1011100110 111.

11011101ωωί010 (101110010οἰ00) 111. 0. 0. 1. wlc-
1011100 158.

Ρ11100010011010 (10110010πί00) 011. 0. 01810-
11101 12.

hnchiwkc (szywka) 011.

Pomm (Ρο1010) 011. 0 0. 1. 11001001 401.
414, 411.

1101111101· (Ρο11101110) 111.

1111110101 (Ρο10111) 011.

1101010011, 011 0 01. 111010101οο (nunc 0 0.
1. 1111010010) 110. 110. 100.

cnm (1)011. 010.

Pantho, 01100 Paulus 1011000110 010-111.

Ρ1010111111, 01011101 10 0001100100 01 100. 1111-
01 194.

111.Βο0. 1011111011111.

ml

Punczcchn (1110111110)οἱ1. 1. 0 1 1110100 11.
1100110811Ι 10 11000111 000-101. ccc.
- 1οΡ11001001010100101. Ρο1110010,
00100. 01000. 88. 40. 111. 110. 111.

- comcs 10 8001101000, 10 0110. 11111001
011. 004-100.

1110010010 (Ρ11001000) 111.

1111101010 (1001011) 011. 11 0. 0. 10110 Βο110100
01 110010 ccc-ccc.

Ρ11010011010(Ρο11100100)011 00. 1. 1110010101 10.
- (1100100100) 011 h. 0. 0. 11 fluv.
111110, 01000 0001 8101000 105.

munh, agricola 111.

Panaca, Ρο1011100110(1) 011. 101. 101.

Pom 01101 1010011010) 00100. Gracc. 10. 81.

Pon· 10100000 10 1100000011, archidiacon. (100-
100. 111.
maoz-1100, vil. 0. 01. 8101000101 08.
murinus, provincial. 0111. 0100110. 411.
- 1010010100 11.
1101011111 01100 1110010110, 01100 100.
Forculum (Pemgic) 0111100 10110110 100. 111.
Ρο111111001, 0101010 80100100.
Potamou, 0011001. 011. 01110160 11.

- 01 1101001010, 10010100 1011010101
118.

1101101, 0111100 1100001. 10 110011010100 1100. 104.
- , - - 101100110181. 110.
- , - Ρ10001000110100010 80. 11. 01,
100. 101.
- , 010001101 10 zavichost 110.
, canonicus 1111001100. 100.
, 00010110010111000. 100.
, comes, 1000000101100 100.
, 1001000 (1100001011 11.
, 0011000. 01000. 111.
10 columen, provincial. 0111. 0100110
454.
Dirschikrci 11 00.
10100010 11. 410.
11001000, 0100100101. 0111. 0100110. 411.
10 1011000, primus 0111100 0100001. 10
1100111410. 101.
,00010101 08.
miles, 0 S. 8100111110 resuscitatus 110.
011011000οε 100110. Drucync 110.
ct 1110100, filii comitis 80010010 411.
,10100000 11100Ιο00 01 100010, 10 010.
’10001 010. ’
, 0101100011. 8001001100. 0100000001.
curiae regis 110. “
- 1001110010, miles 110.
- 10 010. 110100 011.
- 111101 00011011 400.
- , vexillifer 110.

9

 

