x .

01131, nobilio 437.

031411. Cornan (czyoyny) vil·

cxynyoz, 11113 Gora (8333113111) 111.

0111113111, (1) 111 441.

czymyon, czyszyozn (0131131)111.

’ -· (1) 111 3. p. 1 stom opp. 334.

(11133311 (0311311) 111. n 3. p. propo 1111131331
510. 511. 515. 515.

13 01111311 (13 0311311) 11131331, 13 31111161-
13113, moen. sandomirion. 313.

Θιγὶγηγ 111. 3. p. d. 1133113333. 333. 433. 433.
⁴55.

D.

0111331113, 0313331133 (03133133) oppid. 33.
105.

011111 (1) 111. 3. p. 1. 1113131131133 propo By·
tom op. 33. 37.

0111113111, 0131131131, (0313111) 111.

01111133 (03133) 111 313131.

Bombonyn (033131313111

0311113113 111111 (1131313131) 111,

0113133131 (Dabrona) vil.

0131131311 (0111131113) 111.

0131131133 (0311311113) 111.

03311γ (01111) 111 propo opp. 113113 33.

0131111111, 03311131 (0311131) 111

01111113 (03113) 111.

01113313, olins 0331333 (013133)1113.3. d.
1113331133 333. 333.

033131, 31311333 13 ’11131131 133. 333.

0133111111 (03331) fluv. 473.

01131113, 01131113 (0313313) 111 3. p. 1113143-
vioe 1131313133 313. 317. 313.

01113, 1113. p. (11133113 333. 433. 433.
- , 111. 3. p. 1. 1131131133 31. 33. 73.
- Μ3131311111131(1)111 3. p. (1. 83311·
rzyo 111. v

’ 01113111,111.3. p. 1. 0133313 333.

- ,111 3. p. 1. 13111311 333. 333.

- ,1113.3.1Τ3311311133.333.333.

- , 111. 3. p. 1. 1113133131) 333.

- (1) 111313.
0111614111, 1113 p. 1. 11131313 334-337.

- ,1113313133 431413.

- ,1113310131133314

- , 1113. pd. 1113111131 opp. 434. 413.
0111311113, 111. 3. 31811133131313, propo Le·

1111317. 111.
0331131313, 111 3. p. 1 1111333133 331-333.
03113111111311. (13 3131. 1113313113 111.
03111133 de Borzynow, 13 orm. Topnon, (1331.

1331144.

-· 13 Bono, 3111113 813133133334-33.
31. 33.

nonno· ot Johnn. pronepotes sbignei 011 01133.
125.
03111111, 111. s. p. 1. 0111131131. 333.
03111111, 1113. p. 1 [1333111333 3. (1.1 1311
gorne 1103331113) 113. 113.
0311113, 111 3. p. 1 1111313111 433. 413.

- ,11111 op. propo 111npin 11311 333

- ,313333 (13-134.
311313111111. p. (1 sionna 55. 55. 33. 131.
01111113, Dimlyn (Dymlin) vil.
011311113131133133131. 0113311311 33.
0113313133, oppidanus 13 81111311 55.
01131311, (11131111) 111
1111111111(01(111311) fluv. 15. 15. 105. 131. 133

110. 115. 451. 525. 125. 125. 441.

- (0131311)111 333131113311133 113111

74. 133-133. 133.

011193 111111 (0111131311)11”1 3. p. 1. 1313333

1313 343.

0139133113 (0131333131 111. {a p. d. 1313131111

488.

01393131 (0133331) 1133331113 13 1113331111 33.
55.
- - 1311333113 ,1331131133 (13 0111-
33313, (13 313111331313 33. 333.
- - 1311113333, custos 143.
- - 1311311333 junior, 3311311. 011331.
104.

- - 13133333 333131, onnon. 033331.

114. 115 111. 161. 114. 478.
01333311331311 (0111333313) 111.

0133311111 (0111333111) 111. 3. p. 1. 1111311133 333.

298.

0050:on oppidum 111. 433. 433-433,

- 111. 3. p. d. 13111611 137.

03131( 13 01313131, castell. 1131313133 133.
0311311111 13 (1111311, 13 nrm. 116113 11.

- ‚filius 13131 33311113 431. 433.
0311333311111 3. p. d. 81333313 33. 73.
03111, 111. 11. 3. p. propo 11313111 373.
0311131611, 111. 3. p. (1 1313311133 (nunes. p. 1

1111611) 333.

031113331313 (0311333333) 111. 3. po 111313-

pioo prope 111313113333. 333.
0311111313131111331, 111. 3. p. 1. 1111133331

3. p. 1. Opolo) 333.
0311113133 111. 3. p. 1. 1131133 331.

031139313133 131113333οηί33 de 1131131331

212.

0311393313 13 8313331111, 3333133113. Gn
lissien. 333.

0311331331313 (0313331133) 111.
0313331333 (1) 111 333.
0311311311, 111 1. 3. p. 111113 opp. 11111131 31
Bunko 33.
- ‚locun 15.

1

 

