lv

101001010(1101110110140),11111 30100141· 111101100- 1100100000, 111. 1100140, 01111 1.· 0. (1 Im
040 101 04 (1041010140 regni Polo. 111. 145.
- 31110111, dux 04 410001. regni 3010. 110010011110010 (3100101) 111
11. 40. 14. 404. 440. 411. 110141. 141. 11401001οη00 (1) vil. 1. 1. 0 in (1100011
1111111101. 101-011.001-010.110. 1100144. 11.
040. 041. 000. 404. 401.;401. 410. 411. 1101141044 (11401110) vil. 1 0. d. 1111010110
111. 411-461. “ 111.

- Plus, 1111 001101100οὶ1 11. 411. 1101100110ιο (3101101000) 111 1. 01 01141101

.. dux 0001101011 7. 11. 114. .

.. θῆαι-10011440, (lux 1111110100 11. · 11041, 111· 1. 0. 1. 01011010 111.

1010001410, 30100110, 3010000110 (30101101) 111. 0 ,11114 (31010) 111

1>- (1 11110110 01. 104. 040. 1110441014, torrens 100.

10100010144110, 40101410 4. 0. 1 3011144144 110. ,1104110 310110 (310110) 111. 0. 0. 1 Pumb- 140.
mm, 0111111144. 118. 181.

1000114100, 111. 0. 0. 1. 8101010110111. 1100100111. 1. 0. 1. 311110 14. 11.

1000401044 (1)111. 440. 1100104100 0014011100( 10 Biha 111.

101014, vil. 0. 01. (110· 01. 141. 114. ’ 1410000100, vil. 1 0. 1 1101111111 11.

.. ,1110 p. 1111000114 11. γ1101101441010(31041011100) 111101. 30101011-
1011010υο,10010111011010 1410014440 110. , ce 110, ,
10110041010 (3011014100) 011 10 0. 0. 01000 0001. ’ - —- 111.1.0.1..101001041 141.

8111044140 401. ⁴ 11000010 (31014100) vil. 1. 0. 1 1100010100 111.
101011, 1010440(301111) vil. 14. 0. 0. 0100010· 1144144111, vil. 0. 0. 1. 1110110410 401.

(4101004111. 111-011. 010. 111. 11011000, vil. 01000 0001. 1101114 100.

10101140 (1)111.1.0.1 111101001οο 114. 11410οο1004, 111 1010141, olim 0. 0. 1 mm
10101440, praedium in 111 01001 (1) 111. 101.

1010144440 (1) 111 10. 1100101010οὴ 1110100, 3101014110 woly: (1)(11
10100400, vil. 11 0. 0. 01000 0001. 1111111 151. 114. h. 0 p. 111.

1010100400 84014111 0411100014. 10 arm 1414100- 11000011010 (1110100100) 111

biae 01 1101001 111. 1100001010 111001. (10 0111. Το001 11.
1011441010, 3011400010 (30100100) vil. 1. 0. 1. Κο- 11010, 411. 1 0. 0141110101.

1010100115. 1110144 (1)111. 111. 111.

1011101014,1101111014 (3011010410) vn. 1. 0. 1. 1110000011 (311001010101) fluv. 100. 100

(1410000 11. 01. 01. 111000100, 31101001101(1)111 1. 0. 1. 1001011-
de 1041104414 10441101, 00001 cracov. 100. 00 010. 011.

- , 3011010111οΝ10010111, 0111111οή01 1410οο11140 (3110010) monast. 04 00011010

monasterii 3100101101. 0004 1010 010111014111 11100010 111 1. 0. 1. 8100100111, 01111. With

ordin. 1300101010. 114. 111. absorpta 110.

1011001040 (3011010110) vil. 1. 0.1. (11400110 101 - ,3411000100, 3110010100 (1111010101 111.

00 00. ’ 4. p. 1. 11101044 401. 101. 400.

1011010040, vil. 11 0. 0. in 10110 8010110001 111. 11100140 01101 01011014, monast 0111110141014111.
1011004040011114001.01104010110010111 0111. 0000. 14. 14-10.

regul. B. Augustini 100. 1110010 1101140, 00011 14. 14. 11. 11. 11.
nonnam· Agnes, 0111101011411100. 110. - 14110, vil. 11 e. 0. 11-10. 111.
1000140114 (3001614) 111. 10 1. 8110401011 111. 140. 11100010ιο (3110114100) 111.

1000100010 (3001014111) Βο111101. 1001110111011· 111040010 (31001010)1111. 0184011000 111.

140101. 1110410 (3110110 vil.

1001140144(11004114)111 0 0. 1811104041011110. 140. 11100110 Αο1140141 (3110110 81010) 111
1041111010 woly· (30401110 11011111. - 140141 (3110110110110)000111111,
101101110οᾱ0 John. 10 040010410100111401110- 11100101 (11110100) vil. 100.

0100104100 111. - (3110111111. 111. 110.
104110110001(1)111. 110. 11100101010, Β11011110010 (3110101410) 111 04 01
10000010010 (3010101000) 111 strum.
1000001000ιο (1) 4111. 0. 1. 81400110 101. - ,110 100.

11001010011010, 3100100011010 (3100ἰο00100) 111 10 11100101011 11010111, 10 0114. (1101, 001110

1. 0. 1. 80100 000. (nunc 1. 0. 1 3101101111) cneo. 110.

140. 144. 140. ’ 1000101010 Antiqua (1111010100 sura) 411

 

