mlv

1111111111 0111110111, 111. 1 p. S. 11100111 110 011-
00110110. 450. 404.

1110011001. 41. 41. 001. 000454. 405.

11111111 (1) 111 100.

1110001110 (1)111. 11. 10.

11111101, 1110101 111 10.

Ρ1ο10011010(110100100) 111 1 p. 11100111101011-

ce 130.
110101011011, Ρ101011011010(Ρ101101100) oppi-
dum 111. 191-190.
11011111 (110101) fluv. 0. 10. -
1100111101) 111 1 11. 11110100101100 400.
11111111 (Pras) 11110 141. 100.
11011110ιά0, 11001101110 (1111010010) 111. 1. p.
1 Βηο11101 110. 004.

11111110011010, Ρ101111011010(Ρ111111101100)111.

1. p. 1 1111111011 11. 400.

1111111111 (1111111111)111 1. p. d. 1111110101 070.

Ρη111101111,111 1 p. Q. 1111101100 110.

1111011011 (1111011001) 111

1111011111, 111 1 p. Q. 1001011 110.

1111011111 (11100111) oppidum 117.

1111011111110111 1101111111, 01111 (10 1111111111 ad
cracoviam 110.

111101111111011 (11101111100) 111

111001101, 111. h. e. 11. prope 01111111100101101.

101.

11111101, nobilis (10 mn. 101101 100.
Ρ11001110101101 (1) 111 1. 1). 1 111111101 010.
1110011111011111 1110111 (1011101111 10101111.

1. p. Q 1110011011 11. 10.

1111111111, 1110111111 (1110111111) 111. 1 p. Q. 111·

111111 187-189. ’
1111111111 1111010111,111 1 1111 (1101110101

180. 188.

0111101111, 111010111110, 11101011111 (11101οω

11) 111. 1. 11121101111100 00. 01. 104.
1110111111 (1110111111 1111011011) 111.

1111110111 (1) 111074.
1111111111 (1111111) 111.

- (1) 111 1. p. Q 8110101011 101.
Ρ1111111,(1110111“1) 111. 1 p. Q. 1111101011 017.
111010111111111 111. 1111101 107.

0111110111 711101, 1110101101111 (1110111010

111) 111.

1111111101 (1110101101) 111.
11111101101, 111 1 11. Q 2101011100 100. 111.

113.

1114010101111. 1. p. Q ’1101011100 100.
111111110110 (1)111. 00.
111011111101, dux 0101101111 400. 405.

1110111111, 1110111111 Alba (1110111111 11111) fluv.
01. 10.

· 11110101010011 (1) 111. 111.
Ρη1111101111 111101 (111011101101)111.
·- 1111101(Ρ11011110111111) vil.

11111111111110 (1) 111 001. 074.

1111111114, 111. h. 0. p. 11010 011111, Κο11100

1112601111. 1 111 8111111111 175.

Ρ1101111011111(1)111 11. 10.

Ρ110011111111(1)111 001. 071.

1111110111ου (11111οω1010) 111.

1111110ψί01, 111. 1 p. (1.11100101110.

111111ιή110, 111. 1 p. Q. 1101101100 00. 11. 107.
- (1111100111) 111

1110011011, 1110111011, 111011101111110110-

Ρηῗζίγνοῒι (1111110111) 111.

1111111011οη (1111011100) 111.

Ρ11ἔ1ἕ11121ὥ1ί1111110111(11101011111011100) 111. 1.

de Ρ11111011110 111001. abbas monast. 1011111111-
0011. 811. “

11111011 (1110101) 111 1. 11 1 1101110010

1. p. d. 1110111101) 417. 410.

1111111011111 (Ρηο11001101) 111.
1110111001, 111 1 p. d. 1001101100 010-111.

- 111. 1 p. Q 1101010100 140.
1111δί11111 1011111011 filius 410.

- 1100011111, provinc, onii. 11110110. 451.
11111011, 10011 de 1111. 0110111111 401.
1111101111, 111. 1. p. Q 140111 101.
1111110101, 111011110100.
Ρ111111111111011(11111111111100) 111 Q 0. 11110·

110 0101011 0111011011 151.
111111111111011(1111111111100)111 1 p. Q

(10111011 110.

1111011011, 111. 1. p. d. Κ1101 017.
111γο101111, 111. 1. p. Q (10111011 411. 401.
11111111, 111. 1. p. d. Pion-kowioe 000. ’
1111111111 111. 1. p. Q. 1111111101 017.
111111111101, 111. 1 p. Q 11110100 1110110 81111

squ: 051. ,

1111111111, 11111 0. 1. prope 1110110010 104.
Pur-unm, 1111111101 (1111111161) 111
11111, 111. 1. p. Q 1111011101 100.
1111101011 (1111110110) 111 11). Q 010000

(11111011 0. p.) 010.

11111111, 11111 1010111111αο (1) 111. 1 p. Q 110-

1611 1111.
romum (1) 111 011. 010.
1111010111οη, 1110111010 (111011101111. 11.

Q 10100101 4. 5. 11. 11. 10-15.
11101110111011, 111010111αο (1101011100) 111
10111110 8111111111, 0110111101 04. 00.
10111ηο1111 1011101101, de 1111 8110111111 154.
001111011011 (1) 1111110110 opp. Β1011111 011.
10111 1111111, 100111 000.
1111111011111101,110011 doct 110.
1111110101 (11101011) oppidum.

 

