0414071470470110744777104444. mmmmm.
441444714474411447. 044447141470477ἡ4144140
044744(οω740)7111707.74477401114141 0470447414714044144.

4444. 0441410071411410417148171117477777070
ommim, 741111 4. 47. unsih 477. 777. 477.
040474441474144401107477441044114444104 - (1)71147.0.Β740414444.

774. - ,711 ι p. 0. 1744444140 440.
04744414747444 (0410407104) 711. 04444 (047774) 711
047477444(1)711414.0444477(1)711407.
047744441440004777174714444. 0477(00770774114)711170..7774770077-
040474,711.47.οΚ1004104(777404770070· 0007174404.404.414.

14)474.

401004.

medam (3071107414 0014) 711. 044477, 711 4 p. 0. 0070771441.

0417717477 (00171107) 711 ’ 0444117444 (00017104) 711.

- (1)71147.0147714401444. 044440707071040717001717114444.
04147717477417 1110414774 444. · 0444444144 (1) 711 447.
0414414, 711 4 p. 0 17701707 (707704 p. 0. 070- 1744477 (0040177004) 7111. 0. 77 prope

74411) 400. 11441707 414. 444.

2 04144441777011114 74. - ' 0441447 1004000704 provincialis ordi. 77740010.

0414447774 1114174, 0010407714 00174 (1) 711. 4 ⁴⁶²·
77 0 0017444107 477. 474. 774 0447441444 (04407107) 711. s. p. 0 77οη470.

7 0414447744 (1) 711. 4. 44. 7147140 147.

0414477444 (1) 711. 414. 04411444, 04417040 (0011104) 711.

t 0411441444 (0014447077) 711. 04474114, pratum in vil. 0741147144 40 fluv.

0411041444 (0471107100) 711. 01177 144.

J 44744744 (04744474) vit fl. p. 4 rom om ,444744 (7) 47 s. 0. d. Soleo 441444.

0410 440. 444. 0441774144, 711 4. p. 01100ομ00410 444.
0410414447444 71147 17770741 (1144407) 711. 0444417· 0474 (0004174007) 711. 414. 444.
0417444477 (0014474077) 411. 0444441444 (0044744) 711 7 770 1171074704 411.

¹ 04174441 (1) 44417477 4 p. 0. 10104704 447. 404, 004404744417 00 am. 0011774 474.

0017147044 (0011077104) 711 04741477 (004417) 711. 7. p. d. 0070741 441.

, 0074411444 (001044704) 711 044411444, 007417040 (0011140) 711

0414444777, 711 17 0. p. 77074 00117077· 04. 44. oon-nmmum (0471007104) 711

2 144. 0411744704741444 (01407104) 711. 4 p. 711110-

, 04171144, 711 4 77 0. 0470077174 444. 0107 44.

0417114777, 711 4 77 0 0011144 444. 0477444144 (0070747774) 711. 4 p. 0. 0101044 417.

0417104414 woh 711. 4 p. 0. 1140077 414. 00411444 (0411144) 711. h. 4. p. 774074 1117747107

(1411140144, vil. 4. 1). 0. 10404μο11114 840. 109. 111. 810. seo-³⁸8. ³92. 190.

- ,711 4 7. 0 01410414(Μο 4 7. 0 0444411744, 7774714447 ordia hospitaliorum S. 074·
0701107100) 144. eisin cracovia 44.

041444744, 711 4 77 0 110011074704 444. 0447714774, 007077. 077007. 144.

0404147044, 711 7. p. 0. 11770017 144. 04471, 0774114744 07170071 074007. 144.

0477414 (1) 100777 407. 0741144, 711 4 p. 0 8404010007 444.

047474 (0777707) 711 04411074, 7114. p. d. 1710744474 440.

0744 41144 04774704 (0074 Mum, 40 14047747- 07414444, 711. 4 p. 0. Βο747770 144. 144. 444.
44)71117077140411010470444 οη10771471147.0.047444010774144.144.
’17771471 474-474. 444. 04417444 (0441140) 711.

- , 4114 7. d, 14744474 404 0444444 (xmus) 444, puta 744044 474.
- (0077 1107107414) 711 4 p. 0. 114ιο 0444711471444, omnm, 074017071044 711.
7717 44. 74. 4 77 0. 0771. w 41 010747 44114 174.

 

