xlv

088881818810888188188) 811
0888888188 1111888118, regim Polo. 81. 84. -

0889881188 Nonus, (88(88 188. 881.
- (18 0888888818 8888188118 488.

- , (18881188 8881 0 11881881 188.

- (1) dux 1108818881( 488.

,pumina 88. ,
, praeposius 88111881. Corp- 01181 88

(1881881118 148. 148.
- ‚ 11888. vil. 01888188( 888.
- ,1111188118181118 84.
0888118188, 811. 8 (8. 8. 1188888( 881. 888.
08181881, 0811188881 (0881) 881118.
08818888 (088818) 811. 8. (8. (1.11888818(881188.
(8. (1 1111188888188) 78.
0888880888 (1) 811. 811. ’
0888888888, 0888118888, 811 in 881881 1818818,
propo 1188888881 84. 88.
08888881818, 811 8. (8. d. Bogurieo 184.
0888888, 1888888 18.
0888811, (11 11 8. (8. intra 2881811 81 0188188181(
101. 101.
0888888118, 8888888 884.
08888888 (08881188) 811. h. 8. (8. (888(88 08888111
8810881881 8881 88. 18. 14.
- (088188) 811
08888888818 (0888811818) 811
088888881888 (1) 811. 818.
08888188 (08888181) 811
0888818888 wory· (1) 811 818.
0888818118, 811 h. 8. (1 881188. 188188 prope
1188888 18. 84. 88. 88.
- ,811 88.(1.1)8818881188881.888-884.
090.
- , 811. 8. (8. 8. 1118188818 188.
- , 811 8. (8. 1 818818 188. 188.
-· , 811. 8. (8. d. meonyoe, in 88888
Sirmiensi 888.
- ,811 8. (8. (1 2888881888 8. ρ’. 8. Ρ81-
88888188) 81.
088888888 (088188) 811.
08888888 (08888181) ’811
08888γ8118, 0888818818 (0888111818) 811.
088188, 811 8. (8. (1118181188 188. 188.
0888188111, 811 11 8. (8. prope oppi. ’1881188 188.
100. .
088881881888, 088881881888 (1) 811 84. 18. 88.
28.
088111 01881888, 881888 8188881. (18 1888818818
001.
- Petrus, 8188. mount 88 0881818818(
808.
- , 111 111888118111888811188 (18 8881. Ra·
n 400.
088011881888 (0888188188) 811. 8. (8. (1. chelm
88 flur. 118188 18. ·

0888818), 81188 marin, 811 11. 8. p. 88888 18-
18881888 818. 818. 481.

08888188 (0888868) 811.

0888881881), 8888881818 episc. 088888.
111. 118.

0888888881818188 88888 08888. 188. ,

08888888888888 (1) 811. 818. ·

08888888 (1) 811 818.

0888888, 811 11 8. (8. prope 0888818. 818.
’- ,811.8.(8.(1Β888818088818.

08881, 0881188881. atriorum, 08881188(οΉ 88·
11188. 14. 118. 151. 2⁶0. 2⁷⁹. 280. 2⁹0. ³24.
001. 001. 400. 401. 410. 400. 400.

08888888, 88888118 48. ,

08888888881888, 01883888881888 (088888888πί-
881811 h. 8. (8. (888(88 stupis 118818 881. 411.

(18 08811888 1118881888, 88818111881111811. 888.

0888818188· (88818188888881888881818 888
411.

08881888, 811. 8. (8. (1. 1188181881818888. 888.

(18 0888168 0818881888, (18 mn. 118118 11.

088γ188880888,8118818)8881888118188, 811 8
p. (1 Mimo 414.

0888888188 (0888111818) arma 184.
0888888888 (0888881888) (1881888 Polou. 888. 4
Ι ΜΞ 11888888818 (0811881) 811. 8.-(8. (1. Ζι-
v 174.

08118818 1811. (18 ann. 18111118 814.

’ 0181888 0111811818) (081111) 811. ι (8. d. 2818188

1174.

08848, 811. 8 (8. (1. 0181111118. 18.

0118888 (088811) vil.

0181118888 (0888818) 811 8. (8. (1 088888 (8888
8. (8. (1. 0118881) 848.

08888, 811. 8. (8. (1. Κ88818 0188881118 481. 418.

08111818188 dux 1111811188 478.

08881888 (1) 811. 88.

0881888888 (1818111188) vil.

Gyomyolno (18118188) vir

Gyomhmrn, 8811881 0188881811. 48.

ογ8888 (11888) 811 ’

0888811818, 111 Gregorii (18818 11088188, 488.

08888881888-11888811188) 811.

0888888818 1811 8888811888. Odront
111.

1888888888 (11888881) arma 88. 88. 188. 188.
848. 888. 818. 811881. 418.

1188118818, 118818881818818818881 184. 111.
Η8111188118, 811. 8. (8. d. 188181 8811.

18888888, anetho 48.
1188018888 (18 08888818 488.

. . 1188818,(1118888818888811188881881188811.

 

