m

0999999919 (41199 0911991191, 111 9999 91919
1111191199, 9 9. 9. 0111199999.
099111991911, 0999199991, (0991199191)111.

- ,11119 991991 1111119199 (9999
oppidum mayn) 191.
099111γ,111. 1. 9. 9. 09111911, disperiit 971.
0991199111, vil. 9. p. (1. 91] 99. 99. 114. 111.
149. 191. 194.
- ,111991091911119119149
- , vil. 99. (1 01199199 119. 411. 411.
436.
- , vil. 9 9. (1 (1919 1991999919 199.
173.
- , 111 9 9. 9 Ρ1999911199 919. 994. 999.
- , vil. 9 p. 1 8999199191( 979.
- 91191 1119911999, vil. 9 9. 9. 8999991119
388.
099119119111, 1119 9. 1 0911199119 919.
0991199( (0991911) oppidum 919. 994. 999.
- (0991911) vil. 9 9. (1 1119119919 199.
171. m.
opatowyoez (0991911111) oppid 199. 919. 919.
821. 854. 458.
χο9919, vil. 9 9. (1 8919919191( 919. 999.
09919, oppidum 191-191.
09999 91191 11919119, 111. 9 9. 9 111911 411.
0999119119 (1) 19991 991.
0999111991941, 0991119πί191 (0991191119111.
Oppathkowym, (099119911911)111.
09991191( (0911911) 99919991
de 09991191( 8911191999 magister 994.
099911999199 (0991911111) oppidum.
Oppolyo (Opole) oppidum
(?) via 911.
01991911919919191. 8191919149 119.
019119, 01991, 01999 (019991) 111.
01911919 (0199919) 111.
01111 19191999 99 arm. Niecqu‘a 199.
011914 (011911) 111 9. 9. 9. Ρ19999919 19. 99.
13. 25.
- (1)111. 919.
0119999 199999 (0199119 111111) 111.
- Pom (0191119) 111.
0199119, 111 (9 9. 9. 11991199( (9999 9. 9. 9. 111-
9119πί91) 179. 179.
0191919, 111. 1. 9. (1.1191919819991191419.
01199191, 111. 19 999919 1191911119 979.
- , vil. 99999919 99 1197911491 9119, 91199-
riit 272.
0119919199 (1) 111. 919.
0191119, vil. 1. 9. (1 81999119 197.
- 0919, vil. 1. 9. 9 0191911911 197.
01999199, piscina in 111 8191911 999.
09191, oppidum prope 119919999191 949-944.
818. 877.
09199, 111 9 9. d. 1911911 419. 419.

0911191199, 111. 1. 9. d. 1119191914 1911 999,
09919, 0119119 Andr. 99 9119119119, 9119919·
1119090. 101119. 22⁵.
onyok, 0919111(01111) 99919919.
0999191, 0991199, 0199119, 0919999 (09199111.
099191919919, omnin (0111199111) oppid
09919991119191999 99 oppid. 011111 949.
0991191 (011911) oppidum
09119991, 9911919991 99.
0911999199 1109191191 99 9119 11111911 149.
09110991, 111 9. p. d. 191199, disperiit 979.
09119191, lacus 197.
091999 (011919) 9191999. 191. 194. 199-179,
m.
09119119, oppid. in terra Gieszynensi 917.
0911111, 111. s. 9. 9. 09111 914.
, - 1194111119 199. 119-991.
999.
, -· Τ19119 414.
111991 (0911919111 9. 9. 9. 1199991991
9. 9. 9. 119111) 991.
1111111 et Minus, vil. 1. p. 9. 8119199191(
disperierunt7 1999111 earum ob 919919 .
91919 exterminatis 971. J
Minor (01119111), 111 1. 9. d. 11991 1
111.
- ,19191991991191990191911991
418.
91 091191( christinus, castell. 0199911911 199.
- , 9911111899991911191, 111.
0911914919, vil. 1. 9. 9. 11911919199991 h. 1. 9.)
488. 441.
0911999999 (1) vil. 1. p. 9119191919 499. 449.
0911991, vil. 1. 9. 9. de 0199191191 991.
09111991991(01119119911) oppidum 111.
091191991919 (1) 99 111 2119199119 99.
0911119991, lacus 991.
0111199111, 99919919 499.
09991119, 91911999 99 8999919111 99.
0911999999 (0991911111) 111.
0999911999 (01991199) vil.
0999191999 199.
019191, 111. 9. 9. 9. 01111919 199.
01919919 woh, 111. 1. p. (1 09911919 199.
01119111, vil. h. e. 9 91991999119199 199. 194.
01191999 (011199) 111.
0119199919 1119199 (01119111 11919) vil.
0111199911 (0111919911) vil.
0119919, fluv. 499.

01919, vil. 1. 9. 9. 11919199 994.
01119 91 1111111199, 9911119 14.

- ,01919, fil. 11199 militis 19. 14. 99.
01119 9919119991. 99.

- 9119919 99 8191191991( 999.
1101119991 91 811919 494.
- 91111999, frater ordi. 9111911. 499.

 

