21

13313333313 (1) molendinum 373. 0311371713, 7311313 1313173131 143.
symm (1113133677) 711 0331111133 (1147131173) 3331. 31373.

93317333 (11171171) 711. codro (1133313733), 331311333 013337. 433.
8333177173 (81767713) 711. 03141613, 711. 3. 3. (1. 1133313133 343.
033133133311731333333 (1113133133) 711. . 0373171333, 711 1. e. p. prope 11331313 314.

“medem 1133373333 (1133113333) 137. 333-333. - ,711 h. e. p. prope 1131331 13. 374.
884. 888. 459. 480. 9711.

- ,leyen-1522 (1133173333) 711. 7. p. d. 0733331333 (8313137133) 711.
”“ 1133331333 377. 334. 333. 334. 337. 01131313 (141133) 711
03113331337133, 711. 3. p. 71 1131ςί337 337. ommam (0137333133) 711. 3 p. 1. Taya
1311117374 (1) 711 37. 13. 17.
03111331 (1131331) 3331. 13 8113313 33. 37. 33. 333. 0113333117 (1377713) 711.
431. 433. 473. 0133313413 0311331333, 33111113 311.
&pne (1117131711 3. p. 11. 1133113317 433. 011433, 711. 3. 3. 11. 1137313133 313.
0111331177, 711. h. 3. 3. prope oppi. 1131331 33. 37.
0· 33311111 (71171. 200.
0331113, 7113 31 1317331117 (nunc 7. p. 1. 0137- 0113111317 (13111177) 711.
no) 333. 371. 373. 01133341 (01133313) 71111. 3313173 011333 37
03333 (131333) 711 1733131117 33.
0411713173 1313 133731. Τ3337, 3131171333 173. 01133113, prete 1333331 9133133137133. 373.
0311733111 Mem, 0317117133 1133133, 031733 11333 0117173 (0113131) 33311331 1. 3. 33111317. 334. 433.
(1133333771) 13333, 3331 1333331. - - ,711 1. 3. p. 31 137. 11313373
0733131333 (1331133133) 711. pe Β3311313 3-13, 33. 33. f
0331333333717γ(133113313311)113111113 ·- - ‚ vil· 3 p· d· Zwiefzyniee 39.
0331371333,113111113 8. 33. · ·
0331171 (1313131133 1133173313, eger 13 711. 113- 01131317173 woly· (11012111110111121111
3333133. 0131313333 (0113131133) 711. ep 1833311373
0331131333333, (lautomiae (11313737133) 711 313. 344. 333.
0713773331 (13731177) 711 0131331333, 711. 3. p. 11. 1733113313, etcum 33-
03333 (1) 711. 3. 33. 1331 33113 431. 433. 433.
0333131, rex 133337133 33. 113. 313. 333. 313. 0133311333 (1) 711. 133.
03313331 (13777117) 711 0171111333 (01311133) 711.
0331131313 (13313174) 3171133 01111713, 711 13 e. p. prope 3331 1373317133 333.
- - oppi. 31377. 333.
0331311333 Primus (1331311711 113131) dux 31733· 01113333 (1) 711. 333. 334.
337313 regni Polo. 131. 133. 334. 0113133333, 711. 11. 3. p. 37333 3331133173773133
- (1331317383733713111773) 113331 3131137. 337. 333.
regni Polo. 3. 13. 37. 33. 33. 331331. 0113311373733331 (013313737133) 711 3 3. 1113-
373-373. 433. 3133733713 344.
dux 01337133 31133313133, 331371713- 011333131337 (0113313167) 711. 3 3. d. 11731117 31.
317131 1131713131 13313731 3333333113. 333.
- dux 1133117133 373. 0113111313 (0131171131) 711.
Secundus (13313113 1113111) rex Polo. 01131633, 711. 1. 3. p. (3333 e 3. (1113131177) 13.
11. 81. 88. 18. 89. 118. 111. 141. 161. 17. 2³.
173. 113. 1331134313. 333. 333. 313. 0113133733, 711 3 p. 1. 1133377133 133.
811. 818. 331337, 881. 888. 891. 899. 01013313, &rma 418.
433. 433. 434. 0131331333013133773373, 7113331 9733113313
- Τ371133 (13313173 1331313133317) rex 33113 431. 433. 433.
Pol. 114. 113113. 122. 143. 134. 0333131133, 0131331377 (0333133337) 7113 p. 1.
311. 333. 333. 333. 473. 433. 8137333377 13. 34. 417.
-· (833313311113311111711331311331113114. 0133333333 (1) 711. 313.
0331311333 (0331311733) 33111113 3. 33. 0133331333, 0137373333 (0113737133) 711. 3 31. ¹
0331771133 (1333173177) oppid. 31 arx Mogileny 122. 333.
03141331 Mem (Monte 0333133) 31333 13113113, 0113333113, 013733133 (0113137333) 711.
31 monast. ordi. S. Benedicti 333. 0113333313333 (0137333133) 711. 3. p. 1113733733
0311133133, relicta 11371113 13 07333713143. 37333 3331. 1131177 133. .

 

