89999919191977 19 9797. 899779 979.
89999971791999 (8199199199) 711.
wahren 8777977779 (2177917171
899991991979, 8799917999 (8197197199) 711.
8779997919 771997 (8719197919) 711.
87799979 (8719197) 711.
8777971719 (87717117) 711
8917971199, 9999119799 99199991 0777997199. 799.
89911979 (8191119177) 711 99111791999999.
(7) 711 977.
89911977 (8191179) 711
8991719179 (819111919) 711.
899119799 (8191191711 9.
- (8177199) 711 999.
8991799991) Petrus 19 97777 89791979 799.
8997191997, 179799 711 1117717719 199.
8917799797 19 9797 117779 979.
8979119 (8197919) 99911997. ,
8979199719, 711 1 9. 9. (97799 9991177777) 979.
810. 818. 817.
8979199199 (8979199719) 711 ·
9979797997. (1979797777) vn.
8791977919 Thomu, 979799917. 999997. 1779919-
71779. 9.

89971979, 711. 17 9 9. 97999 1197797779 997. 999.

999.

879971977997 (8997197979) 711

8997999997 (8999997799) 711

8799979777 (899997) 711 ’ “

8799171979779 (8917199979) 711 - . .

Smiwilmp.propePi4n6114³8.

81411114fl11v.111³.1114.v

8997799779 (8999199) 711

8797119, 711 9918191917 99. 79. 7999.
101. 108. 811. .

8797111777, 71199. 1. 1119199999189
1919197199) 99 99. 799. 799.

8797199 (8797119) 711

8797779999 (97971919) 711 7 9. 1. 1179177719
181184. 171.

8797779 19 97777. ’19997 977.

8997779 (897997) 711

87977997, 977. 777. 777. 779.

87971777, 711 9 9. 71879799 79.

8797919777 (89971117) 711

879799 9179 099719 (099799), 9799 979. 979.
878. 878.

8797779 (8979) 711

8991971977, 8971979979 (8771197199) 711.

8979179977 (1177717199) 711

nm

77, 771. 7. 9. 71 7199919197 979977.
87979979, 711 9. 9. 71 11979197 999.
879791977977, 711 9 p. 1. 17111767 999.
87979199199, 711. 1. 9. p.·(1111uc oppidum) 999.
891ῗ9181719, 711 9. 9. 71 1111991717 79. 99. ¹

- ,²³ 111251 9. (1 1797777777 777..
87779777, 711 9 p. 71179779 979. 799.
8797997177, 711 9 9. 1. 8191991779 97997 17177-

’ 719717 79. 79. 799. ’

8797997199, 711 9 9. 1 71197177 799.

8797977999, 711 1. 7. 9. 91 monast. 19779 Dob-
77999 77 Τ99719717 977. 497-999.

8797979111, 711. 9. p. 1. 1799997177 979.

8719999 (8199177) 711

87199977 (7199977) 711.

89119997 (Ζ1117177) 711.

8919799919771979 (8919919719) 711.

8717991797991 (1197916791) 711

8717991999999 (2191971677) 711

8917991999191999199 19 9797 17979 979.

8717191991979, 891797179997 (2991977197) 711.

87917799, 8971999 (8771917) 711. 1. 9. 9. circa
19779 799. 799. 777.

8799799199 (8179197117) 999171

8799719991) laneus i11 711. 1119177999 979.

879979991977 (8177177197) oppid.

877111919 (81711919) 711

8911999999 (8171199999) 711

, 8791191, 711 9. p. 71 1771771717 97.

8797999199 (8179197117) 711

719 8799779 1119917779, scholasticus 799.

879977799999719199979 79.

8797199979 (81719117) 711.

8797799, 711 9. 9. 71. 81979111 997.

8797979799 91199 8199719 (7) 711 9. p. 1. 819919-
9117 979.

899799191 777119, ager 19 711 119919 979.

8911977179 (8119799777) 711

89179119 (2779111) 711

871799197771999 (8199717199) 711

8719799799 (8197977977) 9991

89197991979179 (8177779919) 711.

8919799799 (81999917) 9991.

19 8719719119 1177177779 97 Paulus, 9911199 999.

19 8919719919111991999 999.

8719719919 Pam (7) 711. 9 9 71 1191971819-
miki 881.

emnam (97777779) 77

ammam, 77 9 7 ρ. propo ⁰111 mmo 97777777 (mima) oppm.

811. 818. 988.
- , 197. 999.

8797977911, 711 97997 9991. 11997999 999,
8797999799, 711 1. 7. 9. 97999 89919 99. 99.
87.

lamam 'rt-111.

897717 111777 8917797199 999.

87971197791791799199 17 9797. 097919, 97919197·
799.

8999997999 (8999979717) 711.
8797791979 8997791979 (89779197) 711
18

 

