xm

74700000, 011100 0-11. 00.

(10 1410111074 nobiles 00.

07701007 (11011077) 011.

1410077007,0001(1001 1-0. 10-01. 00. 007. 474.

011001007100, 011. 0 0. (1. 111οπ001001ωο00.

747007700770017, 011 0 0 (1. 1110170001οήοο 070.

74701ιο0, 011 71. e. 0. prope 0001. 1101100110 104.

7410100, oppidum 000. 000. 004.

4170070070, 011 0 0. d. Kreoieeioe 000. 007.

74Ιο0100601, molendinum 0 0. (1 1110110010 770.

74700000, 011. 0 0. (1 11001001077100 010.

memnon, 011 0 0. (1. 1101100 00.

1411700007 (1110100000) 011

747170010107010 (1111100700100)011. ln 0. 0. prope
00017010 77.

1417100011, nobilis 104. 100.

1411007700, (0110700107 004.

7471707, 0707100101 07110700110 401.

7471070010ιο (1117101001οο) 011. 0 0. (1. 8000100
90. 94. 4811.

141Ιο0010 (1) 011 000.

7411000070770 11107110, 011. 0. 0. (1. smnio 11000
222. 248.

7477000077010 (1111010771οο) 011. 0 0. d. 11070100
004.

7477177, 011 77. 0. 0. 07000 0001 1100000000.

74110010, 011. 0 0. (1 0107010 100.

1471001000 000700, genitor 100010 opine. 0700071071
400.

7411170170 (1) 011 0. 0. (1. 1017040 110. 000. 001.

7410000, 1100. 000.
-‚Mwmwfflm
881-888.

147707 1117100) 011

7410011, 0001100 (10 1101110170 110.

747000700, 011 1. 0. (1 910010110πο 040.

1470000000, filim 11ίο7100110 411.

11100οο0001οη (110000οο0100) 011 0. 0. (1.
11040100 007.

7470001011. 0 0. (1 1011711171 400. 404.
- , 011 1. 0. (17111077 loo. 717.

14170000, fluv. 007.

71710100 (Minoo) vil. 11. e. 0. intro 1110011001 01
1110 400. (10-471.

14101000 (1110700700) 011.

741010000100011110170001001011 0 0. (1 00070·

07100011.

- (1110110001οο) 011 0 0 (1 11001110·
romine 422. 400.

0770100010 (1410110010) 011. 0 0. (1. 1007010 810-
00017ιο 004. 410.

74700000010 (10 nrm Ρο110010 410.

Moneo· 01001001·

7401011410, 711 (000017. 0. 0.) 07000101110100
801. 811. 814.

71071101, 711 1 n (1 Mor-vio· 107. 701. 110.

140Ιο000 (111000011ον. 01011

7407007701( (1710107011) 011.
- , molendinum in 011 1100177 010.
- ,10001 10 (111001000010.

74010ιο11, 011. 17. 0. 0 10110 11010000 01 817100- ’

110 274. eoo-402. 418. 411. 411. 440.

- , olim 1000000, 011 0. 0. (1. Boron
³15. ³2⁸. ³29.

7407071711, 011 0 0. (1 Β700010 91070 (nono 0 0.
(1 Β71001011000) 70.

1400007701, 11000011, 1110001001, 11007001 (1101·
01011) 011

74000001( (1177101100) 011 h. 0. 0. 07000 101710-
1077 070.

740000001010 7170100 (1100100100) 011

7400010070οη 7417700 (11100100101171) 011

14007100( (11011100) 011.

77000110ηο10 (111001170οἰ00) 011.

74010011010,011. 0. 0. (1.81011010000.

17011000 (1) 011. 001.

modnoomyozo, Modlibozioze (Modliborzyoe) 011.
ln 0. p. 1017οΟ071100 0110001010 004. 000.

01017101010100, 011. 0 0. (1. 1101101110 401.

7401700010 740100 (1110110100) 011 h. 0 p. 07000
(1100071010 62. 68.

7400700000 7177000 (1110110101110)011. 00. (1111· ¹

jori 1710110100 00.

74010110ηο00 (Modlibornyee) 011.

mooflymowyozo (110111010πί011) 011

0700700001 (1) 011 1. 01. 00.

1401700ογ, 011. 0. 0. (1 11070100 11101110 010.
215.

1101000101010, 110171000010 (Modmejowioo) 011.
0 0. (1. 8107011όο 10. 14. 110.

7400170, 11001100 (Μο0110) elios (1070100700 011
11. e. 0. 01 monaster. 07000 (1100001070 10. 10.
11. 100. 000. 000. 000. 400-400.

7400110ογ, 011 ln 0 0. 01000 0001. 8170071710 100.
122. 440.

ΜΜΜΜ1

7400010 (Mogiza) 011 0 0. (11010100 010.

0107170, 011. 0 0. (1. 1110170010 170. 171.

- ,1110170 1100117000 (1101100101) 011. 0
0. (1. 1010001010 040. 000.

1101100170, vil. 0 0. (1 1170070100 101. 107.

1401010010, 011, 0 0. (1107077 101.

1401701010 Manno 70.

-· Niool. 10 erm. 1000100 170. 171.

07007700, Mennim, 717. h. 0. 0. 07000 71010100
107. 100. 104. 000. ’

1400007100, 0001070170 0. 00.

1400000110071010 (110010011077100) 011 0 0.(1.

1110017100 001.
- , 100001001000 (110010100100) 011

Μο0001110101000, 14000011001000 (1) 011. 000.

7400010177 Ηο011001, 100107 ordi. 070011011 440.

1
1

1
1

 

