10110110 (1010111111) 111.

1011011οη010 (1101110111) 111.

1011110010, 111. 11. 0. p. propo Ρ101201100 70.

1001011100, dux 1101011οο 050.

1001110111οο, 111. 1. p. 1. 1110101100 151. 102.

1010110101) vil. 002.

1011011100, 111. 1. p. 1. 1110010111 151. 107.

10101111, 111. 1 p. 1. 1110101100, 11010011110-
100 ooo.

- , vil. 1. p. d. 8101010111 05. 00.
Mamm, 11111. 1100ίο010110 410. 105.
111111 (111010) ormo 252.

1101011011, 111 11. 0. p. propo oppi. 8100111111 002.

193. 4111.

1101011111, 111 11. 0. p· prope 0100011001 00. 00. 70.
1101111111,111.1. p. d. 1111010410.
1110100101· (1110101100) 111.
111001ψὸ110, 111. 1. p. 1. 0111101100 201.
1111,1110,1111100 10. 14. 20. ·
1111001011111111001111, haer. 1111010111 202. 204.
1111001010 (10110010) 111.

1110101011, 1111001111, 0011001111 1111010111οφ

232. 2³4.
zoniiy (101111) 111 p
1111100 Woiyo (1) 111. 01100 810110 11010 200.
1101101001010 (8101111101100) 111
1101011101, 1101111101 (8101111111) 111
11011, 1101110 (11001) 111.
1101001011 10 orm. 810110 070.
1101111 11011011, torrens 055. 050.
1101110111 (1101111111) 111.

1101110111 (110101110, 1. p. 1 1011101111111.

119.

1101111111 (11010111) 111

17011, 111. 1. p. 1. 8011101100 02. 000. ⁸

1701111111, 111. h. 0. p. prope oppifflogoszoz'
3⁶2. ³7³.

- , 111 1. p. 1. 1011111011οο 200. 200.
11111101 1011011 10 01111 11011110 247.
1110110111οω (8101110101100) 111
11111101, 111. 1. p. 1. 110101100052.

11111101, oppidum 401.
10011011 (1110011111) 111
1011170, genitrix 0011111111, 10111101οΜ 470.

1111

101111 (101011) 111. h. 0. p. prope oppi. Ρ111111
151. 156. 157.

1011111010 (11101100) 111. 1. p. 1. 0110111154.

1011011 (11101111) 111.

1011011011 alios Goluohowyeoz ((1010011011100) 111.

101011 (11101111) 111.

1110111111 0. p. 0110010110 001. ooo. 001.

1110101111 (111010) 111.

1110010111 (1) 111. 405.

lobna 110111 (1110110110) ormo.

Zukow (1111011) 111. 1. p. 1 1111010011 001.
- (1) 111. 010.

114οη101001 (111011101οο) 111.

1010111110, 111. 11 0. p. et monaster. 01 Cro·
0011011 00-00. 00. oo. 11. 14. 10. 00. 00.
100. 011. 000. ,

³ 100110010ιο p) 01. 011.

111011 81111110 (111010 801010) 111. 1. p. d.
Grzogorzowioo 417.
1110110 (111010) 111. s. p. d. 11001100 202. 207.

. 1110111 1100101110 (1011101010) viiio 0. p.

(110110 oppid.) 400.
1111οηί01001, 111011111001(1111011111100) 111
111, 111. s. p. 1. 8011101100 02.
111011 (111111) 111 1. p. 1 1101111101100 011.

,1 101101100100101011. 10 arm. Cioiok 100.
, 11011011010 (1101011100) 111.
3 1101100111 (1101011111) 111.
2 lyonyuohowyo‚ 01101 11010111011011, nobiles 10
’ 0111110101020.
· 111010111οη (1110101101111. 1 p. 1. 11011111

410. 4³5.

1110 1110010111, sutor 111 81101001 117.

1110010011, fluv. 474.

11101111 (1) 111. 404.

1111101140 (11111111) 111. 0. p. 1. 1101101111 210.

111110ογ010 (1011101100) 111

110111 (1011111) 01.

111001114100, 111. 1. p. 1. 111108. 10110 270.

1107101010, 11110110101101110 (1111011100) 111. s.
1111011100 wielkie 215.

110111 (1) vil. 1³. 00.

11001111 Bartholomaeus, 0111101101 10 81101001
110.

 

