4141414 141, 01141110 44.

414441141414 (1144110114.

4144114444111,10111111 444.

4144111114,10111114 14.

4144444441 (1) 111 414.

4144144444 (4141111411) 11041114. 144.

41444444 (414444) 111

414110441414 (Ρ1411011104)111.4. p. 11 4011141411
od cneoriem 114. .

41401144, portio 4411111 1114110114 440.

41441401411 (4144101011) 111

4141110νά14, 14141411 oppid. Lublin 444.

Pomp (1111411) 111

44411114 (1)100114 440.

4444411404, 4101114114 0110011411 144.

444410140 (1)111 441. 014.

4441401041104,111. h. 4. p. prope cracoviam 114.
ero-4³1.

4444414401, 111 111. d. 8111111114 415.

4441441014104, 111. h. 4. p. prope 1101141104 111.
oro-277. 444.

4441414144, 111. h. e. p. 11414 Μ14411411 41 81111-
mirz 04. eoo. ·

·- ,111. s. p. d. 1101411111 401.
44414414141014, 11444401011014 (1140141101104)

4141441441, 414114441011, Ρ1411111011(1114144144) 444114044411414(111411101011144) 111.

4144144444, 4141141411 (4141111411) 401111.
414401414414 11401114, 01444110 44. .
4141441144, 41414110 (4141141110) 111
4144114144 811414 (41444044 811111) 111. .
4111414004 441104, 4111141114 414.
4114414 (4114114)41114

. oyem (remo) oppidum.

41441444411144411114 141.
4101444114 (4101141111) 111
4101411041, torrens 404.

- (1111111111144111141. .

41414401414 (1101111111) oppidum.
- (1) 111 114.
4144440411014, Ρ101110111414(Ρίο1111011144) 111

444114141014 (1) 111 prope 11411101 101.

4441114 (1140114) 111.

4444414144, conjux 0141141114 114 11141011 140.

4444414141014 (1140141104) 111

4441140114111 (114111οη1111) 111.

4444014144,111 1. p. 11. 8111401111 404.

44411414101141.41114. 811001. 111.

4401414 (1141111141) 411. h. 4. p. prope 0111241110
196. 19⁷.

114 4444440411414101111. 8.Τ11401. professor 140.
44110111 Antiqua (4110181411) 111. h. 4. p. 411
opp. 1111110111 (nune 01111 oppido 111111) 440.
44110111, 11111011 11011 (11411011) oppidum 14. 141.

41111. 414.
4440141414 (1141011104) 111. 4111114411 411.

114 4141410411. Remu& 111 um, 'sopor 140, 4440141441 (1111011411) oppidum 160.

41444014 (Horror) vil.

410114411414, 4104041414 (4101144104) 111.
41441140141414 (Ρ1411141011104) 111
41411014 (41611011) 111

4440414114,401144 14-14. 44.

44401411411141. 1114001414. ·

4444411441,111. 4. p. 11. Βο101110 444.

1144411111 (4111011111) 111. 4. p. 1 Ι1411101104 410.

Ργ41104141141414114(Ζ4111441111011)111;4. 1111, 444441164411111111110111011011494.

mmmmm (41144104) 111Ι
4111411414 81411111 41114 (1411111111 444.
4144141, 1011414411 811111011ὴί411 44.

oeno· 11111140 vo

4441444414, 1141141101 (4111114101) 111.

444144440144114 1110114, 11141444044111 110114
(11441141014111 1110111111.

4414141014111111141104) vil. h. 4. p. prope opp.
8101111111 114. 144.

4114411, 41411111, 111. in 0111111 1000 1410011111. 4441141414, 111 h. 4. p. prope oppi. 81111111

8111111111 4111111140. 114.
4141441104 1114114 (4141111114 410111) 111
4144141114, 111 s. p. d. 81011111 44. 14.

Q.

me 14001114, conoul Loblioen. eoo.
melm (11141114) 111

9440111410414 (4414441044) 111
11414110110141414 (Κ114101411104)111.

R.

4414 fluv. 4. 1411. 10. 114. 144100.

loo—193.

44411414144114 4401411114 p. prope oppi.
81111114 411. 411.

114ςο44 (144111) 111.

4411141444, provinc. 0111111 praedic. 411.

44144 8114044011, 111. 4. p. 1111111011 444.
- 11111, 111. op (1.11411011144.

4414111111. 1. p. 11. Kosocioe 141. 411.

4011041140 (1101104111)111. h. e. p. 1110114011
01111441.,444. 411. -

4410411414 (1111011104) 111. 4 p. 8. 11100111 114
cracovia 110. ’

1141111140 144101 (1141011) 111, e p. d. ,1111114111
464.

4444411111.4.11.11101)4011111011141011 444. 444. 44441411014 (11411ὴί41104) 111. ’

nolon-Indu roam.

10

 

